2019-10-04 05:50:30,8295,2019-10-04 05:47:02,2019-10-04 06:17:00,1,사고 ,세검정로 세검정세검정길진입 신영삼거리 1차로 주의운전 차량고장 -,126.9609428,37.6015503
2019-10-04 06:55:31,9107,2019-10-04 06:52:02,2019-10-04 07:22:00,2,통제 ,지방도1022호선 영대교앞 창조아파트 진행방향 전체차로 교리사거리 일대 출근시간대 차량증가로 정체중  -,129.027503287088,35.3443420201106
2019-10-04 06:56:00,9115,2019-10-04 06:51:02,2019-10-04 07:21:00,2,기상 ,화랑로 경산명품가구공단 농협압량점 양방향 전체차로 짙은 안개로 사고위험 주의운전요망  -,128.7648788,35.8366899
2019-10-04 07:10:30,9293,2019-10-04 07:09:02,2019-10-04 07:39:00,1,사고 ,천안논산고속도로 연무IC 서논산IC 2차로 0km(서논산IC방향) 주의운전 교통사고 -,127.0552954,36.2130428
2019-10-04 07:11:00,9300,2019-10-04 07:08:02,2019-10-04 18:00:00,0,공사 ,일반국도14호선 외우산마을 죽계마을 1차로 주의운전 도로공사 -,128.3274787,34.9778963
2019-10-04 07:11:30,9323,2019-10-04 07:09:02,2019-10-04 18:00:00,0,공사 ,일반국도15호선 남양교차로 노송교차로 1차로 도로갓길 공사 통행지장없음 도로공사 -,127.345664526677,34.7147145339347
2019-10-04 07:12:00,9326,2019-10-04 07:07:02,2019-10-04 07:37:00,2,기상 ,경부고속도로 경산IC북측 진량읍선화리12643 1차로 0km(방향) 안개 주의  -,128.7939019,35.874732
2019-10-04 07:12:30,9334,2019-10-04 07:01:02,2019-10-04 07:31:00,2,기상 ,동홍천양양고속도로 내촌tg부근안개 내촌ic 홍천휴게소 양방향 전체차로 94km(방향) 주의운전 기상 -,128.1270869,37.7878102
2019-10-04 07:20:30,9427,2019-10-04 07:18:02,2019-10-04 07:48:00,1,사고 ,일반국도25호선 3호광장사거리 안민터널 1차로 주의운전 교통사고 -,128.6979614,35.1595934
2019-10-04 07:21:00,9434,2019-10-04 11:05:02,2019-10-04 12:09:00,2,행사 ,상도로 숭실대입구역 노량진1169안전센터 4차로 2019 성화봉송 시작 했습니다. 숭시대입구역→상도역→장승재기역→노량진역→노량진119안전센터 스포츠 행사 서울청,126.953205456634,37.4968901576877
2019-10-04 07:21:30,9459,2019-10-04 07:18:02,2019-10-04 07:48:00,2,기상 ,경부고속도로 칠곡휴게소부산방향IN 석적육교남측 1차로 0km(남구미IC방향) 주의운전 기상 -,128.4154721,36.0287846
2019-10-04 07:22:00,9468,2019-10-04 07:17:02,2019-10-04 18:00:00,0,공사 ,일반국도21호선 장존교차로 예산 1차로 전방상황 도로공사 -,127.010802426075,36.7435627299551
2019-10-04 07:22:30,9477,2019-10-04 07:17:02,2019-10-04 07:47:00,2,기상 ,경부고속도로 왜관낙동강교동측 석적육교북측 1차로 0km(왜관IC방향) 주의운전 기상 -,128.3999465,36.0581667
2019-10-04 07:23:00,9486,2019-10-04 07:17:02,2019-10-04 18:00:00,0,공사 ,여의대방로 소망약국 보라매역 1차로 주의운전 도로공사 -,126.9201326,37.5001151
2019-10-04 07:23:30,9489,2019-10-04 09:34:02,2019-10-04 10:30:00,2,행사 ,낙성대로 서울대교수아파트 관악구민종합체육센타 2차로 2019 성화봉송 시작 했습니다. 낙성대공원→낙성대입구→낙성대역→까치고개→사당역6번출구 스포츠 행사 서울청,126.958500617367,37.4714116164533
2019-10-04 07:24:00,9497,2019-10-04 10:00:02,2019-10-07 16:00:00,0,공사 ,올림픽대로 가양IC 방화대교 4차로 마곡구역 도시개발사업 3공구 기반시설 조성공사/장소:올림픽대로 마곡대교인근(김포방면)/통제:부분통제 도로공사 -,126.837106428761,37.5777148948636
2019-10-04 07:24:31,9505,2019-10-04 09:00:02,2019-10-04 22:00:00,2,행사 ,효자로 사랑채 시교육청 1차로 /행진:사랑채<->적선<->광화문<->세종<->정동<->시교육청(1개차로) 집회 서울청,126.973587034321,37.5826987041262
2019-10-04 07:25:01,9509,2019-10-04 07:15:02,2019-10-04 18:00:00,0,공사 ,여의대방로 해군회관앞 성남고교입구 1차로 주의운전 도로공사 -,126.9225119,37.5055708
2019-10-04 07:30:30,9582,2019-10-04 07:29:02,2019-10-04 07:59:00,1,사고 ,일반국도6호선 신원역교차로 용담대교 1차로 주의운전 차량고장 -,127.3716166,37.526711
2019-10-04 07:31:00,9589,2019-10-04 07:28:02,2019-10-04 07:58:00,2,기상 ,경부고속도로 이언천교북측 칠곡물류IC 양방향 전체차로 143km(방향) 짙은 안개로 사고위험 주의운전요망  -,128.4949241,35.8997575
2019-10-04 07:31:30,9610,2019-10-04 07:28:02,2019-10-04 07:58:00,2,기상 ,경부고속도로 왜관IC서울방면 남구미ic 양방향 전체차로 0km(남구미IC방향) 짙은 안개로 차간거리 확보 필요 기상 -,128.4282969,35.9879142
2019-10-04 07:32:00,9617,2019-10-04 07:27:02,2019-10-04 07:57:00,2,기상 ,강남로 경북교육연구원 경북권응급의료센터 1차로 주의운전  -,128.7118004,36.5506701
2019-10-04 07:32:30,9629,2019-10-04 07:26:02,2019-10-04 23:56:00,2,통제 ,효자로 청와대 사랑채 동측 진명초소 양방향 전체차로 주의운전 행사 -,126.9726925,37.5835886
2019-10-04 07:33:00,9635,2019-10-04 07:26:02,2019-10-04 07:56:00,2,기상 ,경부선 상행선 150k 왜관IC 양방향 전체차로 안개로  가시거리 짧음  차간거리 확보 필요 기상 -,128.4269817,35.9788186
2019-10-04 07:33:30,9638,2019-10-04 07:26:02,2019-10-04 07:56:00,1,사고 ,동수원로 동남빌라12동 수원삼성아파트앞삼거리 1차로 주의운전  -,127.0427059,37.270609
2019-10-04 07:34:00,9650,2019-10-04 17:18:02,2019-10-04 17:26:00,2,행사 ,올림픽로 종합운동장역 잠실운동장 4차로 2019 성화봉송 시작 했습니다. 잠실종합운동장역→잠실경기장 스포츠 행사 서울청,127.073688893089,37.5112024278108
2019-10-04 07:34:30,9652,2019-10-04 07:25:02,2019-10-04 09:55:00,2,기상 ,냉림로 상주시일대 상주시 일대 1차로 주의운전 기상 -,128.162749,36.4172584
2019-10-04 07:35:31,9658,2019-10-04 07:32:02,2019-10-04 08:02:00,1,사고 ,동수원로 신동아대원아파트 제일자동차공업사 1차로 주의운전  -,127.0321679,37.2463332
2019-10-04 07:36:01,9665,2019-10-04 07:31:02,2019-10-04 18:00:00,0,공사 ,일반국도31호선 상장초등학교 태백소방서 2차로 주의운전 도로공사 -,129.0064699,37.1033896
2019-10-04 07:36:30,9688,2019-10-04 07:31:02,2019-10-04 08:01:00,2,기상 ,하빈로 대구달성군칠곡경계1 마천산입구 1차로 주의운전  -,128.4664278,35.9380618
2019-10-04 07:37:01,9695,2019-10-04 07:30:02,2019-10-04 18:00:00,0,공사 ,계족로 용전네거리 한국통신용점지점 1차로 지체.정체 우려 도로공사 -,127.432105863212,36.3479576635047
2019-10-04 07:37:31,9704,2019-10-04 09:00:02,2019-10-04 22:00:00,2,행사 ,효자로 사랑채 시교육청 1차로 /행진:사랑채<->적선<->광화문<->세종<->정동<->시교육청(1개차로) 집회 서울？,126.973598352598,37.5827077165927
2019-10-04 07:38:01,9707,2019-10-04 10:00:02,2019-10-07 16:00:00,0,공사 ,올림픽대로 가양IC 방화대교 4차로 마곡구역 도시개발사업 3공구 기반시설 조성공사/장소:올림픽대로 마곡대교인근(김포방면)/통제:부분통제 도로공사 서울청,126.837015843848,37.5777237797645
2019-10-04 07:38:31,9709,2019-10-04 07:29:02,2019-10-04 07:59:00,1,사고 ,세권로304번길 이편한치과의원 권선LG마트 1차로 주의운전  -,127.034078,37.2497085
2019-10-04 07:39:00,9721,2019-10-04 07:28:02,2019-10-04 07:58:00,2,기상 ,경부고속도로 구미톨게이트 부근 IC네거리교차로 구미TG 1차로 0km(방향) 상기장소 일대 짙은 안개로 가시거리 100미터 이내, 부근 운행시 감속운행 등 안전운전 당부   -,128.3603342,36.1136194
2019-10-04 07:40:30,9733,2019-10-04 07:39:02,2019-10-04 08:09:00,1,사고 ,천주로577번길 감계교 북면초교 1차로 주의운전 교통사고 -,128.5958761,35.3030321
2019-10-04 07:41:00,9740,2019-10-04 07:38:02,2019-10-04 18:00:00,0,공사 ,도로  하수관거 매립공사  서림고등학교  대림아파트  양방향 전체차로 하수관거 매립공사로인한 차량서행필요  도로공사 -,126.7413018,35.724957
2019-10-04 07:41:31,9764,2019-10-04 07:36:02,2019-10-04 08:06:00,1,사고 ,지방도1013호선 신포교 덕교삼거리 1차로 주의운전 교통사고 -,128.1867556,35.3044166
2019-10-04 07:42:00,9771,2019-10-04 07:36:02,2019-10-04 18:00:00,0,공사 ,일반국도4호선 관호오거리 관호오거리 양방향 전체차로 약목에서왜관방면 도로개선공사 도로공사 -,128.3902323,36.003529
2019-10-04 07:42:30,9783,2019-10-04 07:35:02,2019-10-04 08:05:00,1,사고 ,천안논산고속도로 연무IC 서논산IC 2차로 0km(서논산IC방향) 주의운전 교통사고 -,127.0519415,36.1960644
2019-10-04 07:43:00,9788,2019-10-04 07:35:02,2019-10-04 18:00:00,0,공사 ,여의대방로 동일빌딩 보라매공원입구 1차로 주의운전 도로공사 -,126.9187814,37.4976869
2019-10-04 07:43:30,9791,2019-10-04 07:32:02,2019-10-04 08:02:00,2,기상 ,경부고속도로 금호분기점 칠곡물류IC 1차로 147km(방향) 짙은안개  운전주의  -,128.4565685,35.9595159
2019-10-04 07:44:00,9802,2019-10-04 07:34:02,2019-10-04 18:00:00,0,공사 ,일반국도5호선 평동삼거리 안동삼거리 1차로 주의운전  -,128.3065448,37.026581
2019-10-04 07:44:30,9805,2019-10-04 07:34:02,2019-10-04 08:04:00,2,기상 ,서해안고속도로 광천IC 대천IC 1차로 212km(광천IC방향) 주의운전  -,126.5842508,36.5004928
2019-10-04 07:45:31,9810,2019-10-04 07:40:02,2019-10-04 08:10:00,1,사고 ,일반국도46호선 금석빌딩앞 개봉사거리 1차로 주의운전 교통사고 -,126.85751102921,37.4975907169041
2019-10-04 07:50:30,9880,2019-10-04 07:49:02,2019-10-04 08:19:00,1,사고 ,일반국도22호선 백운고가종점 백운고가시점 1차로 주의운전 교통사고 -,126.9017298,35.1335612
2019-10-04 07:51:00,9887,2019-10-04 07:48:02,2019-10-04 18:00:00,0,공사 ,계족로 용전네거리 한국통신용점지점 1차로 주의운전 도로공사 -,127.4321422,36.3485917
2019-10-04 07:51:30,9911,2019-10-04 07:48:02,2019-10-04 18:00:00,0,공사 ,발곡로 연세소아과앞 신곡1동사무소앞 1차로 주의운전 요망 시설물 -,127.0571726,37.7314731
2019-10-04 07:52:00,9914,2019-10-04 07:48:02,2019-10-04 18:00:00,0,공사 ,단재로 평촌교남측 지북교차로 1차로 주의운전  -,127.5050171,36.5984626
2019-10-04 07:52:30,9924,2019-10-04 07:47:02,2019-10-04 18:00:00,0,공사 ,일산로 마두도서관사거리앞 밤가시공원앞2 1차로 주의운전 하수관 -,126.7822466,37.6679272
2019-10-04 07:53:00,9932,2019-10-04 07:45:02,2019-10-04 18:00:00,0,공사 ,중앙로 청도시외터미널앞 청도교2 1차로 도로확장공사  도로공사 -,128.7475256,35.644165
2019-10-04 07:53:30,9936,2019-10-04 07:45:02,2019-10-04 18:00:00,0,공사 ,일반국도19호선 악양교앞 악양삼거리 1차로 도로신설공사 도로공사 -,127.6941871,35.1340833
2019-10-04 07:54:00,9948,2019-10-04 07:45:02,2019-10-04 18:00:00,0,공사 ,율천로 냉천초교사거리 마두도서관사거리앞 1차로 주의운전 하수관 -,126.7859895,37.6672459
2019-10-04 07:54:30,9950,2019-10-04 07:45:02,2019-10-04 08:15:00,2,행사 ,종로1길 정부합동민원실 동십자사거리 1차로 주의운전 집회 -,126.9791307,37.5753121
2019-10-04 07:55:30,9955,2019-10-04 07:53:02,2019-10-04 08:23:00,1,사고 ,청담대교 북단 남단 1차로 서행 교통사고 서울청,127.063311167485,37.5243495786232
2019-10-04 07:56:01,9962,2019-10-04 07:53:02,2019-10-04 08:23:00,2,기상 ,안개주의지역 학곡사거리 원창리 폴리텍대학 양방향 전체차로 주의운전  -,127.7707639,37.8011645
2019-10-04 07:56:31,9989,2019-10-04 07:52:02,2019-10-04 18:00:00,0,공사 ,둔산로31번길 삼진정보통신주 대전둥산이마트전 1차로 건물외벽공사로인한 크레인작업중 후미영향없음.  -,127.3775885,36.3555667
2019-10-04 07:57:01,9996,2019-10-04 07:53:02,2019-10-04 18:00:00,0,공사 ,새정공원로 보성초등학교삼거리 백골삼거리 1차로 주의운전 도로공사 -,127.3922511,36.3006901
2019-10-04 07:57:31,1,2019-10-04 07:52:02,2019-10-04 18:00:00,0,공사 ,동부대로 오산경찰서사거리 오산시청사거리 1차로 주의운전 도로공사 -,127.0813835,37.1550612
2019-10-04 07:58:01,8,2019-10-04 07:52:02,2019-10-04 18:00:00,0,공사 ,선사로 선사병원앞 윗둔지니사거리 1차로 후미교통소통원활  -,127.376782263315,36.3598474649448
2019-10-04 07:58:31,14,2019-10-04 07:52:02,2019-10-04 08:22:00,2,통제 ,명지국제6로 명지동29597 명지국제1로29 1차로 삼정그린코어 침하현장  -,128.9036235,35.0914857
2019-10-04 07:59:00,26,2019-10-04 07:52:02,2019-10-04 18:00:00,0,공사 ,제1순환로 제1순환로영운뚝방길 방서사거리 1차로 주의운전 도로공사 -,127.4990462,36.6058277
2019-10-04 07:59:30,30,2019-10-04 07:52:02,2019-10-04 18:00:00,0,공사 ,대야로 금강3 합천초교 1차로 주의운전  -,128.1626758,35.5651493
2019-10-04 08:00:00,34,2019-10-04 07:51:02,2019-10-04 18:00:00,0,공사 ,지방도928호선 KTF1 동본교 1차로 주의운전 도로공사 -,128.4611433,36.6572495
2019-10-04 08:00:30,37,2019-10-04 07:57:02,2019-10-04 08:27:00,1,사고 ,일반국도47호선 인덕원사거리 인덕원교 1차로 주의운전  -,126.9763,37.4014733
2019-10-04 08:01:00,44,2019-10-04 07:56:02,2019-10-04 18:00:00,0,공사 ,남부순환로 신월사거리 선주빌라 4차로 주의운전 도로공사 -,126.829658533575,37.5338216634787
2019-10-04 08:01:30,61,2019-10-04 07:56:02,2019-10-04 18:00:00,0,공사 ,둔지미길 계룡로네거리 향촌네거리 1차로 사다리차작업중 소통지장없음.  -,127.3763352,36.3502219
2019-10-04 08:02:00,68,2019-10-04 07:55:02,2019-10-04 18:00:00,0,공사 ,일반국도7호선 유강과선교앞교차로 경주 2차로 주의운전 도로공사 -,129.3114565,36.0001745
2019-10-04 08:02:30,78,2019-10-04 07:55:02,2019-10-04 08:25:00,2,통제 ,명지국제1로 명지동21576 명지20982 1차로 포스코건설현장  -,128.9037774,35.0949744
2019-10-04 08:03:01,86,2019-10-04 07:56:02,2019-10-04 18:00:00,0,공사 ,일반국도46호선 스카이뷰아파트 신도림3차푸르지오 1차로 주의운전 도로공사 -,126.88509601957,37.5069167853571
2019-10-04 08:03:31,89,2019-10-04 07:55:02,2019-10-04 18:00:00,0,공사 ,지방도913호선 입석교차로 운곡리마을 1차로 주의운전 도로공사 -,128.1836647,36.1027695
2019-10-04 08:04:01,101,2019-10-04 07:55:02,2019-10-04 18:00:00,0,공사 ,목천대로 보배크레인 형제철재 1차로 주의운전 도로공사 -,126.9455011,35.9298729
2019-10-04 08:04:31,104,2019-10-04 07:54:02,2019-10-04 18:00:00,0,공사 ,인수봉로 한신대 백십자약국 2차로 주의운전  -,127.0133951,37.634835
2019-10-04 08:05:31,113,2019-10-04 08:00:02,2019-10-04 08:30:00,1,사고 ,일반국도1호선 라자로원삼거리 의왕소방소앞교차로 1차로 주의운전 교통사고 -,126.9665119,37.3574569
2019-10-04 08:06:00,120,2019-10-04 08:00:02,2019-10-04 08:30:00,2,행사 ,약초축제 금서면 산청IC입구 1차로 주의운전 문화행사 -,127.8670625,35.4197045
2019-10-04 08:06:30,144,2019-10-04 08:00:02,2019-10-04 18:00:00,0,공사 ,갈마초교로 갈마네거리 반원삼거리 3차로 보도정비공사중 하위차로 주의운전 도로공사 -,127.3689707,36.3531703
2019-10-04 08:07:00,152,2019-10-04 08:00:02,2019-10-04 18:00:00,0,공사 ,풍덕천로 현대그린프라자앞 수지로얄스포츠센타앞 2차로 주의운전 도로공사 -,127.096480291854,37.3241264247974
2019-10-04 08:07:30,162,2019-10-04 07:59:02,2019-10-04 18:00:00,0,공사 ,강석로 백석동성당사거리 일산종합터미널앞1 1차로 주의운전  -,126.7881856,37.6440956
2019-10-04 08:08:00,170,2019-10-04 07:59:02,2019-10-04 18:00:00,0,공사 ,연서로 연천초교길연서로진입 연신초교삼거리 2차로 주의운전 도로공사 -,126.928277461627,37.6240252177349
2019-10-04 08:08:30,173,2019-10-04 07:59:02,2019-10-04 18:00:00,0,공사 ,지방도407호선 용암교 용암교 1차로 주의운전 도로공사 -,127.7073199,38.0485763
2019-10-04 08:15:30,259,2019-10-04 08:12:02,2019-10-04 08:42:00,1,사고 ,경부고속도로 김천시구미시행정경계 선주교북측 4차로 178.8km(구미IC램프남측방향) 시동불량등으로 한시정차  -,128.304358,36.1401618
2019-10-04 08:16:00,266,2019-10-04 08:13:02,2019-10-04 18:00:00,0,공사 ,일반국도6호선 경기도시공사 도농삼거리 1차로 주의운전 도로공사 -,127.172584,37.6134404
2019-10-04 08:16:30,291,2019-10-04 08:12:02,2019-10-04 08:42:00,2,기상 ,경부고속도로 왜관IC부산방면 칠곡물류IC 양방향 전체차로 150km(금호JC방향) 안개주의  기상 -,128.4526243,35.9636206
2019-10-04 08:17:00,298,2019-10-04 08:12:02,2019-10-04 18:00:00,0,공사 ,일반국도46호선 사능IC북측 사능IC서측 1차로 주의운전 도로공사 -,127.1926853,37.6481802
2019-10-04 08:17:30,306,2019-10-04 08:11:02,2019-10-04 18:00:00,0,공사 ,우륵로 우륵로앞교차로 봉방로앞교차로 1차로 주의운전 도로공사 -,127.9184134,36.9803283
2019-10-04 08:18:00,310,2019-10-04 08:11:02,2019-10-04 18:00:00,0,공사 ,일반국도3호선 전곡입구삼거리 사랑동삼거리 1차로 주의운전 시설물 -,127.0694769,38.0141776
2019-10-04 08:18:30,312,2019-10-04 08:11:02,2019-10-04 08:41:00,1,사고 ,경부고속도로 통계청사거리 옥천 IC 1차로 주의운전  -,127.5727408,36.3064894
2019-10-04 08:19:00,324,2019-10-04 08:11:02,2019-10-04 18:00:00,0,공사 ,신비로 ss마트앞사거리 신평네거리어린이보호구역서측 진행방향 전체차로 주의운전  -,128.3632382,36.1232995
2019-10-04 08:19:30,331,2019-10-04 08:11:02,2019-10-04 08:41:00,2,기상 ,일반국도4호선 연화교차로동측 연화교차로서측 1차로 주의운전 기상 -,128.4496661,35.9650279
2019-10-04 08:20:01,338,2019-10-04 08:11:02,2019-10-04 18:00:00,0,공사 ,경춘로 남양주IC진입 양정마을입구 1차로 주의운전 도로공사 -,127.1803405,37.6167593
2019-10-04 08:20:30,342,2019-10-04 08:16:02,2019-10-04 08:46:00,1,사고 ,풍덕천1로 수지영락교회앞 두산인재기술개발원앞 3차로 주의운전 교통사고 -,127.082474833269,37.3113102511722
2019-10-04 08:21:01,349,2019-10-04 08:16:02,2019-10-04 18:00:00,0,공사 ,문정로 까르푸할인매장북측 대전고용지원센터 3차로 신호기신규설치공사로 3차로없음.  시설물 -,127.3852511,36.3467752
2019-10-04 08:21:31,373,2019-10-04 08:15:02,2019-10-04 18:00:00,0,공사 ,경춘로 남양주시청2청사 남양주경찰서 1차로 주의운전 도로공사 -,127.1714183,37.610793
2019-10-04 08:22:01,382,2019-10-04 08:15:02,2019-10-04 08:45:00,2,기상 ,경부고속도로 이언천교북측 칠곡물류IC 양방향 전체차로 150km(방향) 짙은 안개  주의요망 기상 -,128.4559111,35.9533691
2019-10-04 08:22:31,391,2019-10-04 08:15:02,2019-10-04 08:45:00,2,기상 ,경부고속도로 왜관IC부산방면 칠곡물류IC 1차로 0km(금호JC방향) 안개주의  기상 -,128.4424342,35.9706637
2019-10-04 08:23:00,399,2019-10-04 08:14:02,2019-10-04 08:44:00,2,기상 ,경부고속도로  서울방면  166km 칠곡SA 남구미IC 1차로 안개주의  -,128.3750085,36.0725111
2019-10-04 08:23:30,403,2019-10-04 08:14:02,2019-10-04 08:44:00,2,기상 ,경부고속도로 왜관IC 칠곡휴게소 양방향 전체차로 1530km(방향) 안개주의 기상 -,128.4338706,35.9766027
2019-10-04 08:25:30,421,2019-10-04 08:21:02,2019-10-04 08:51:00,1,사고 ,한밭대로 농수산5가  한밭대교 5차로 주의운전 교통사고 -,127.4055754,36.3570526
2019-10-04 08:26:00,428,2019-10-04 08:20:02,2019-10-04 08:50:00,1,사고 ,종암로 영희피아노학원 국민은행종암동지점 1차로 주의운전 차량고장 -,127.0358792,37.5946162
2019-10-04 08:26:30,451,2019-10-04 08:20:02,2019-10-04 18:00:00,0,공사 ,종암로 영희피아노학원 국민은행종암동지점 1차로 주의운전  -,127.0357587,37.5949769
2019-10-04 08:27:00,456,2019-10-04 08:19:02,2019-10-04 08:49:00,1,사고 ,일반국도25호선 예림삼거리 예림초교1 1차로 주의운전 차량고장 -,128.762474528838,35.4695583930855
2019-10-04 08:27:30,465,2019-10-04 08:18:02,2019-10-04 08:48:00,2,기상 ,일반국도4호선 연화교차로서측 현대오일뱅크 1차로 안개주의 기상 -,128.4421055,35.9704971
2019-10-04 08:35:30,559,2019-10-04 08:31:02,2019-10-04 09:01:00,1,사고 ,서울외곽순환고속도로 장수IC북측본선 시흥IC서측본선 1차로 주의운전 교통사고,126.77792496621,37.4583438029169
2019-10-04 08:36:01,5,2019-10-04 08:34:02,2019-10-04 18:00:00,0,공사 ,경부고속도로 석적육교북측 왜관낙동강교동측 1차로 162km(남구미IC방향) 주의운전 시설물 -,128.4081035,36.0508864
2019-10-04 08:36:30,28,2019-10-04 08:33:02,2019-10-04 09:03:00,2,기상 ,중앙고속도로 칠곡IC 다부IC 1차로 114km(칠곡IC방향) 주의운전 기상 -,128.5368825,35.9382855
2019-10-04 08:37:01,36,2019-10-04 08:32:02,2019-10-04 18:00:00,0,공사 ,일반국도35호선 오미교차로 북영천ic 1차로 주의운전 도로공사 -,128.9248885,35.9966719
2019-10-04 08:37:31,47,2019-10-04 08:32:02,2019-10-04 18:00:00,0,공사 ,일반국도38호선 선명2차아파트 팔마아파트 2차로 주의운전 도로공사 -,129.0021793,37.1734271
2019-10-04 08:38:01,54,2019-10-04 08:31:02,2019-10-04 18:00:00,0,공사 ,치악로 송문사거리 원주태창성호3차앞 1차로 주의운전  -,127.9710697,37.3785603
2019-10-04 08:38:31,58,2019-10-04 08:31:02,2019-10-04 09:30:00,0,공사 ,한밭대로 월드컵 지하차도 상판 월드컵네거리 죽동네거리 1차로 주의운전  -,127.3273018,36.3667095
2019-10-04 08:39:01,66,2019-10-04 08:31:02,2019-10-04 18:00:00,0,공사 ,기린대로 SK텔레콤5층 금암광장 1차로 주의운전 도로공사 -,127.1374285,35.8338169
2019-10-04 08:39:30,73,2019-10-04 08:30:02,2019-10-04 09:00:00,2,기상 ,경부고속도로 칠곡물류IC 이언천교북측 양방향 전체차로 145km(방향) 짙은 안개로 사고위험 주의운전요망  -,128.4795713,35.9272846
2019-10-04 08:40:00,77,2019-10-04 08:30:02,2019-10-04 18:00:00,0,공사 ,하탑로 보뜰사거리 보뜰사거리 1차로 주의운전 도로공사 -,127.1198473,37.405547
2019-10-04 08:45:31,157,2019-10-04 08:44:02,2019-10-04 09:14:00,1,사고 ,내부순환로 홍은IC3 내부순환로연희로램프 3차로 주의운전 교통사고 -,126.943746418514,37.5923356585831
2019-10-04 08:46:01,164,2019-10-04 08:44:02,2019-10-04 18:00:00,0,공사 ,세검정로 홍제초등교 홍은사거리홍은중앙길 1차로 주의운전  -,126.94367620385,37.5924794089327
2019-10-04 08:48:39,28,2019-10-04 08:41:02,2019-10-04 18:00:00,0,공사 ,동탄중앙로 한림대동탄성심병원앞교차로 우미린제일풍경채119동앞 2차로 주의운전 도로공사 -,127.0781998,37.2144473
2019-10-04 08:49:00,38,2019-10-04 08:41:02,2019-10-04 18:00:00,0,공사 ,일반국도19호선 구교사거리 부원하이츠빌라앞 1차로 주의운전  -,127.7784369,36.1783603
2019-10-04 08:49:30,46,2019-10-04 08:41:02,2019-10-04 09:11:00,1,사고 ,지방도649호선 애정교남측 부석고등학교 진행방향 전체차로 주의운전 교통사고 -,126.4020425,36.7227598
2019-10-04 08:50:00,51,2019-10-04 08:40:02,2019-10-04 09:10:00,1,사고 ,율곡로 창덕궁 원남동사거리 2차로 주의운전 교통사고 -,126.996586882224,37.5760747990884
2019-10-04 08:50:30,53,2019-10-04 08:46:02,2019-10-04 09:16:00,1,사고 ,일반국도25호선 밀양예림대동앞1 예림오거리 1차로 주의운전 차량고장 -,128.757091527977,35.4641994452863
2019-10-04 08:51:00,60,2019-10-04 08:46:02,2019-10-04 18:00:00,0,공사 ,경부고속도로 대구동구경북경산경계 경산IC진출 4차로 115.5km(방향) 갓길 작업중 주의운전요망 도로공사 -,128.7657167,35.8768758
2019-10-04 08:51:30,84,2019-10-04 08:43:02,2019-10-04 18:00:00,0,공사 ,읍내네거리 상수도 공사 읍내네거리  회덕굴다리 2차로 상수도 포크레인 공사로 후미지체 위험  하수관 -,127.4214766,36.3730371
2019-10-04 08:52:00,92,2019-10-04 08:44:02,2019-10-04 09:14:00,2,기상 ,중앙고속도로 다부IC 가산IC 양방향 전체차로 0km(가산IC방향) 주의운전  -,128.5371501,36.0709025
2019-10-04 08:55:30,122,2019-10-04 08:50:02,2019-10-04 09:20:00,1,사고 ,양천로 공진초중교 가양5단지 3차로 주의운전 교통사고 -,126.8495574,37.5639076
2019-10-04 08:56:00,129,2019-10-04 08:49:02,2019-10-04 18:00:00,0,공사 ,서해안고속도로 줄포IC 고창ic방면 1차로 하행선 95.4km(부안IC방향) 1차로 보수공사 도로공사 -,126.6966803,35.6084277
2019-10-04 08:56:30,156,2019-10-04 08:50:02,2019-10-04 18:00:00,0,공사 ,일반국도29호선 송산시영2차 대림1 1차로 주의운전 도로공사 -,126.8741054,35.5554473
2019-10-04 08:57:00,165,2019-10-04 08:49:02,2019-10-04 18:00:00,0,공사 ,침산로 시민운동장 태평지하차도 1차로 도로확장공사 도로공사 -,128.5889536,35.8808956
2019-10-04 08:57:31,170,2019-10-04 08:49:02,2019-10-04 09:19:00,2,기상 ,중앙고속도로 춘천방면 군위ic 군위휴게소 1차로 상기장소 일대 짙은 안개로 가시거리 100미터 이내, 부근 운행시 감속운행 등 안전운전 당부   -,128.5649403,36.2421438
2019-10-04 08:58:01,176,2019-10-04 08:48:02,2019-10-04 18:00:00,0,공사 ,둔당교 공림교차로 예천동10211 1차로 주의운전 도로공사 -,126.4333022,36.7672639
2019-10-04 09:05:30,260,2019-10-04 09:03:02,2019-10-04 18:00:00,0,공사 ,중부내륙고속도로 상주IC 북상주IC 진행방향 전체차로 161km(북상주IC방향) 갓길공사 주의운전 도로공사 -,128.1753503,36.5223982
2019-10-04 09:06:00,267,2019-10-04 09:03:02,2019-10-04 18:00:00,0,공사 ,임정로 리차드빌딩 구립용산노인전문요양 1차로 주의운전 도로공사 -,126.962165,37.5467921
2019-10-04 09:06:30,291,2019-10-04 09:02:02,2019-10-04 09:32:00,2,기상 ,경부고속도로 평사휴게소 영천IC 진행방향 전체차로 103km(영천IC방향) 안개주의 기상 -,128.9361914,35.912566
2019-10-04 09:07:00,298,2019-10-04 09:02:02,2019-10-04 18:00:00,0,공사 ,마들로 주공아파트19단지1905동 녹천교서단 1차로 주의운전 도로공사 -,127.0531012,37.649978
2019-10-04 09:07:30,307,2019-10-04 09:02:02,2019-10-04 18:00:00,0,공사 ,내부순환로 동대문구성북구경계1 북부간선도로내부순환 1차로 주의운전 시설물 -,127.040621953619,37.6006027421928
2019-10-04 09:08:00,311,2019-10-04 09:02:02,2019-10-04 18:00:00,0,공사 ,당진영덕고속도로 터널동측 북의성IC 2차로 0km(방향) 주의운전 시설물 -,128.6693933,36.4197823
2019-10-04 09:08:30,314,2019-10-04 09:02:02,2019-10-04 09:32:00,2,기상 ,중부내륙고속도로 고령JC 고령JC 1차로 0km(방향) 안개 주의  -,128.3763248,35.7574208
2019-10-04 09:09:00,326,2019-10-04 09:00:02,2019-10-04 09:30:00,1,사고 ,울산고속도로 울산JC 울산 진행방향 전체차로 8km(울산JCT방향) 주의운전 교통사고 -,129.203957,35.5698328
2019-10-04 09:09:31,334,2019-10-04 09:01:02,2019-10-04 18:00:00,0,공사 ,익산포항고속도로 임고2터널 임고3터널 3차로 43km(북영천IC방향) 주의운전 시설물 -,129.0522656,36.0480845
2019-10-04 09:10:01,341,2019-10-04 09:01:02,2019-10-04 18:00:00,0,공사 ,중부내륙고속지선 현풍휴게소남측 현풍IC 2차로 갓길 차단하고 교량 시설물 점검 중 시설물 -,128.4361399,35.6994222
2019-10-04 09:10:31,345,2019-10-04 09:01:02,2019-10-04 09:31:00,1,사고 ,효창원로 효창공원 리차드빌딩 1차로 주의운전 교통사고 -,126.9635273,37.5454321
2019-10-04 09:11:01,353,2019-10-04 09:01:02,2019-10-04 18:00:00,0,공사 ,일반국도19호선 남변사거리 화전1 1차로 주의운전 도로공사 -,127.9008201,34.8327634
2019-10-04 09:15:30,414,2019-10-04 09:14:02,2019-10-04 09:44:00,1,사고 ,평택시흥고속국도 음섬1교북측 음섬2교남측 1차로 주의운전 교통사고 -,126.74609,37.267774
2019-10-04 09:16:00,421,2019-10-04 09:00:02,2019-10-04 18:00:00,0,공사 ,백제고분로 송파여성문화회관 석촌역 4차로 주의운전  -,127.1085032,37.5062319
2019-10-04 09:16:30,443,2019-10-04 09:13:02,2019-10-04 09:43:00,1,사고 ,평택시흥고속국도 시화대교남측 음섬2교북측 1차로 주의운전 교통사고 -,126.7456074,37.2812197
2019-10-04 09:17:00,450,2019-10-04 09:13:02,2019-10-04 18:00:00,0,공사 ,금산로 신환사거리 금정동사무소사거리 1차로 주의운전 도로공사 -,126.941650767158,37.3635711438106
2019-10-04 09:17:30,461,2019-10-04 09:11:02,2019-10-04 18:00:00,0,공사 ,평택제천고속도로 감곡 충주 2차로 237km(서충주IC방향) 갓길 옹벽공사 시설물 -,127.7517483,37.0395712
2019-10-04 09:18:00,468,2019-10-04 09:12:02,2019-10-04 09:42:00,1,사고 ,중앙로 버스터미널사거리 2호광장 1차로 주의운전 교통사고 -,128.0794269,34.9384951
2019-10-04 09:19:00,10,2019-10-04 09:11:02,2019-10-04 09:41:00,1,사고 ,목동중앙본로 노들길 염창역 노들길 양화대교 차로 주의운전 교통사고 -,126.8722651,37.5461126
2019-10-04 09:19:30,12,2019-10-04 09:40:02,2019-10-04 09:40:00,2,기상 ,상주영천고속도로 도개IC영천방며 군위터널북측 1차로 0km(방향) 안개주의  기상 -,128.3650439,36.2917919
2019-10-04 09:20:00,14,2019-10-04 09:10:02,2019-10-04 09:40:00,1,사고 ,제2외곽순환고속도로 롯데팩토리아울렛 아암물류단지 2차로 주의운전 차량고장 -,126.624739,37.4459491
2019-10-04 09:20:30,3,2019-10-04 09:18:02,2019-10-04 09:48:00,1,사고 ,경부고속도로 양재IC 서초IC 5차로 서행 교통사고 서울청,127.030325700908,37.4738071946639
2019-10-04 09:21:00,10,2019-10-04 08:45:02,2019-10-04 12:19:59,0,공사 ,논산천안선(0252) -정안 휴게소 (천안방향)(251K)(갓길)삭초 이동 작업중 [고속도로]논산천안선(0252) -정안 휴게소 (천안방향)(251K)(갓길)삭초 이동 작업중,127.1808,36.7696
2019-10-04 09:21:30,33,2019-10-04 09:18:02,2019-10-04 18:00:00,0,공사 ,청파로 중림삼거리 중림삼거리 3차로 주의운전 도로공사 -,126.968677602823,37.5594383118967
2019-10-04 09:22:01,41,2019-10-04 09:18:02,2019-10-04 09:48:00,1,사고 ,용산로 대구전자공업고등학교 용산네거리 2차로 주의운전 차량고장 -,128.5307355,35.8483422
2019-10-04 09:22:31,51,2019-10-04 09:18:02,2019-10-04 18:00:00,0,공사 ,매소홀로289번길 동부한농화확앞 장미아파트단지앞 1차로 주의운전 도로공사 -,126.6557133,37.4443649
2019-10-04 09:23:01,59,2019-10-04 09:18:02,2019-10-04 09:48:00,1,사고 ,평택시흥고속국도 용포3교남측 용포3교북측 1차로 주의운전 교통사고 -,126.7606208,37.233555
2019-10-04 09:24:00,71,2019-10-04 09:17:02,2019-10-04 09:47:00,1,사고 ,강동대로 중부지방국세청 올림픽대교남단사거리 4차로 주의운전 교통사고 서울청,127.116545354538,37.5260164435136
2019-10-04 09:24:30,75,2019-10-04 09:17:02,2019-10-04 09:47:00,1,사고 ,올림픽대로 한강대교 동작대교 1차로 서행 교통사고 서울청,126.95856229506,37.5132499091348
2019-10-04 09:25:00,77,2019-10-04 09:17:02,2019-10-04 18:00:00,0,공사 ,청파로 중림삼거리 중림삼거리청파로진입 1차로 주의운전  -,126.9687715,37.5593011
2019-10-04 09:25:30,82,2019-10-04 09:23:02,2019-10-04 12:53:00,1,사고 ,현충로 앞산네거리 현충삼거리 1차로 시내버스 고장 주의운전 차량고장 -,128.5798991,35.8377555
2019-10-04 09:26:00,89,2019-10-04 09:23:02,2019-10-04 18:00:00,0,공사 ,중부내륙고속도로 낙동Jct 상주IC 1차로 144km(상주IC방향) 주의운전 도로공사 -,128.2284102,36.4061974
2019-10-04 09:27:01,120,2019-10-04 09:23:02,2019-10-04 09:53:00,2,기상 ,중부내륙고속도로 상주IC 낙동Jct 1차로 0km(선산IC방향) 주의운전  -,128.2367954,36.3991183
2019-10-04 09:27:31,129,2019-10-04 09:23:02,2019-10-04 18:00:00,0,공사 ,정관로 신정관로7 차선감소 1차로 주의운전 도로공사 -,129.2231933,35.3232502
2019-10-04 09:28:00,133,2019-10-04 09:00:02,2019-10-04 18:00:00,0,공사 ,삼전로 삼전사거리 잠실3동파출소앞 3차로 주의운전  -,127.0885881,37.5049424
2019-10-04 09:28:30,139,2019-10-04 09:23:02,2019-10-04 18:00:00,0,공사 ,일반국도77호선 낙섬사거리 능해고가교 4차로 주의운전 도로공사 -,126.6307482,37.4509541
2019-10-04 09:29:00,153,2019-10-04 09:00:02,2019-10-04 18:00:00,0,공사 ,하수관로 정비공사 구리로 네거리 도남초 1차로 공사로 후미차량 안전운행   -,128.5760958,35.946261
2019-10-04 09:30:01,2,2019-10-04 09:21:02,2019-10-04 18:00:00,0,공사 ,북악산로 스카이웨이주유소 정릉대림e편한세상 2차로 주의운전 도로공사 -,127.018157958933,37.5991568852137
2019-10-04 09:30:31,7,2019-10-04 09:29:02,2019-10-04 09:59:00,1,사고 ,용아로 홈프러스앞사거리 승진퍼니존주 1차로 주의운전 교통사고 -,126.8042165,35.1766829
2019-10-04 09:31:00,16,2019-10-04 09:29:02,2019-10-04 09:59:00,2,통제 ,일반국도4호선 판암네거리 신흥역 4차로 주의운전  -,127.4616369,36.3178407
2019-10-04 09:31:30,39,2019-10-04 09:29:02,2019-10-04 18:00:00,0,공사 ,남동대로 전재울사거리 교통공원사거리 4차로 주의운전  -,126.7087995,37.4565875
2019-10-04 09:33:33,15,2019-10-04 09:26:02,2019-10-04 09:56:00,1,사고 ,교통사고 수변공원 방면 동두천경찰서 2차로 교통사고로 인해 교통정리 및 2차사고 예방. 교통사고 -,127.0504823,37.912168
2019-10-04 09:34:31,29,2019-10-04 09:26:02,2019-10-04 18:00:00,0,공사 ,시청로 상무cgv 광주시청 3차로 주의운전  -,126.8433366,35.1552628
2019-10-04 09:35:01,33,2019-10-04 09:25:02,2019-10-04 15:00:00,0,공사 ,언양로 반천산업단지입구 어음교 1차로 주의운전 도로공사 -,129.1525793,35.5500413
2019-10-04 09:35:31,36,2019-10-04 09:32:02,2019-10-04 10:02:00,1,사고 ,대구부산간고속도로 밀양IC 남밀양IC 1차로 0km(방향) 주의운전  -,128.7803845,35.4900234
2019-10-04 09:36:00,43,2019-10-04 09:31:02,2019-10-04 10:01:00,2,기상 ,중앙고속도로 군위IC 군위JC안동방면 1차로 0km(방향) 주의운전 기상 -,128.5501672,36.1778229
2019-10-04 09:36:30,71,2019-10-04 09:31:02,2019-10-04 10:01:00,1,사고 ,남동대로 간석2동스카이타운 간석오거리 1차로 주의운전 차량고장 -,126.708033608704,37.4658596006822
2019-10-04 09:37:00,74,2019-10-04 09:30:02,2019-10-04 17:00:00,0,공사 ,일반국도32호선 구기교단네거리 길마지하차도북측 1차로 지체.정체 우려 가로등 작업 -,127.379793897753,36.344819045893
2019-10-04 09:38:30,97,2019-10-04 09:29:02,2019-10-04 18:00:00,0,공사 ,남동대로 석천사거리 올리브백화점4 1차로 주의운전 시설물 -,126.70866149444,37.4574172622509
2019-10-04 09:40:30,110,2019-10-04 09:39:02,2019-10-04 10:09:00,1,사고 ,남해고속도로 진주2터널동측 진성IC 1차로 0km(진성IC방향) 주의운전 차량고장 -,128.2061531,35.1805717
2019-10-04 09:41:00,117,2019-10-04 09:39:02,2019-10-04 18:00:00,0,공사 ,오목로 목동지하차도북측 목동트라팰리스이스턴 1차로 주의운전 시설물 -,126.872846097184,37.5249318864788
2019-10-04 09:41:30,141,2019-10-04 09:38:32,2019-10-04 12:40:00,0,공사 ,경부선(0010) (1차로)이동 청소 작업중 [고속도로]경부선(0010) (1차로)이동 청소 작업중,127.0846,37.1421
2019-10-04 09:42:00,149,2019-10-04 09:38:02,2019-10-04 12:00:00,0,공사 ,일반국도6호선 제일은행 상봉역 3차로 주의운전 시설물 -,127.0828745,37.595581
2019-10-04 09:42:30,157,2019-10-04 09:38:02,2019-10-04 18:00:00,0,공사 ,금남로 롯데리아금남로점 금남로4가역 1차로 주의운전  -,126.9188486,35.1479627
2019-10-04 09:43:00,164,2019-10-04 09:38:02,2019-10-04 10:08:00,1,사고 ,일반국도3호선 태평역사거리 태평고가사거리 4차로 주의운전 차량고장 -,127.1276137,37.4407896
2019-10-04 09:43:31,173,2019-10-04 09:38:02,2019-10-04 18:00:00,0,공사 ,하중로 삼성출판사 한빛빌딩 1차로 주의운전 도로공사 -,126.8001362,37.3989898
2019-10-04 09:44:01,186,2019-10-04 09:38:02,2019-10-04 10:08:00,2,행사 ,천호대로 아차산역 천호대로워커힐길진출 1차로 주의운전  -,127.096996,37.5475029
2019-10-04 09:44:30,189,2019-10-04 09:37:02,2019-10-04 10:07:00,1,사고 ,동해고속도로 강릉제5터널 강릉제4터널 삼척 1,2차로 승합차 전복, 후미 정체 주의운전 교통사고 -,128.988613733812,37.6813025036101
2019-10-04 09:45:00,193,2019-10-04 09:37:02,2019-10-04 18:00:00,0,공사 ,시흥대로 독산고개  시흥아이씨 1차로 주의운전  -,126.8984309,37.4761345
2019-10-04 09:45:30,197,2019-10-04 09:43:02,2019-10-04 10:13:00,1,사고 ,남해고속도로 산인JC 함안IC 순천 3,4차로 대형화물차 관련사고, 처리중으로 후미 주의운전 교통사고 -,128.455373472474,35.2713988047583
2019-10-04 09:46:30,229,2019-10-04 09:44:02,2019-10-04 18:00:00,0,공사 ,하중로 시흥등기소 경기도노인전문시흥병원 1차로 주의운전 도로공사 -,126.8060362,37.3864218
2019-10-04 09:47:00,240,2019-10-04 09:42:02,2019-10-04 18:00:00,0,공사 ,일반국도1호선 석수역 기아대교 1차로 주의운전  -,126.9010515,37.4536948
2019-10-04 09:47:30,250,2019-10-04 09:43:02,2019-10-04 10:13:00,1,사고 ,일반국도43호선 포천삼거리 어룡1통 1차로 후미 170m 지체 교통사고 -,127.1924785,37.8859009
2019-10-04 09:48:00,258,2019-10-04 09:43:32,2019-10-04 12:45:00,0,공사 ,통영대전선(0351) (갓길) 비탈면 정비 작업중 [고속도로]통영대전선(0351) (갓길) 비탈면 정비 작업중,127.4615,36.2735
2019-10-04 09:48:31,261,2019-10-04 09:42:02,2019-10-04 06:00:00,2,통제 ,일반국도7호선 정동천교 정동진교차로 양방향 전체차로 주의운전 자연재해 -,129.0182041,37.6639115
2019-10-04 09:49:01,265,2019-10-04 09:41:02,2019-10-04 18:00:00,0,공사 ,중앙고속도로 가산IC 다부IC 2차로 132km(다부IC방향) 갓길 차단 가드레일교체 시설물 -,128.5360586,36.0766597
2019-10-04 09:49:31,269,2019-10-04 09:42:02,2019-10-04 18:00:00,0,공사 ,하중로 시흥등기소 그린서비스 1차로 주의운전 도로공사 -,126.8063756,37.3908142
2019-10-04 09:50:01,272,2019-10-04 09:40:02,2019-10-04 18:00:00,0,공사 ,완정로 완정사거리 롯데마트삼거리 4차로 건물간판 교체작업 주의운전 시설물 -,126.6739443,37.5936955
2019-10-04 09:50:30,275,2019-10-04 09:46:02,2019-10-04 10:16:00,1,사고 ,일반국도43호선 한다리마을입구사거리 코스모스길삼거리 1차로 주의운전 교통사고 -,127.128359,37.5801285
2019-10-04 09:51:00,282,2019-10-04 09:46:02,2019-10-04 18:00:00,0,공사 ,관문대로 대빙고 GS녹색에너지 1차로 주의운전 도로공사 -,129.0573417,35.1298643
2019-10-04 09:51:30,306,2019-10-04 09:45:02,2019-10-04 18:00:00,0,공사 ,동서로 동서로네거리 충남여중삼거리 1차로 주의운전  -,127.4059081,36.3287177
2019-10-04 09:52:00,317,2019-10-04 09:45:02,2019-10-04 18:00:00,0,공사 ,시흥대로 시흥사거리 금천구청입구 1차로 주의운전  -,126.8997288,37.4568702
2019-10-04 09:52:30,327,2019-10-04 09:45:02,2019-10-04 10:15:00,1,사고 ,매소홀로 담방마을삼거리 서창소방서3 1차로 주의운전 교통사고 -,126.7365173,37.4383128
2019-10-04 09:53:00,335,2019-10-04 09:44:02,2019-10-04 18:00:00,0,공사 ,시흥대로 말미사거리 독산소방파출소 1차로 주의운전  -,126.8979022,37.4667934
2019-10-04 09:55:31,357,2019-10-04 09:53:02,2019-10-04 10:23:00,1,사고 ,통일로34길 홍제삼거리 홍은사거리 1차로 주의운전  -,126.9506516,37.5863884
2019-10-04 09:56:01,364,2019-10-04 09:53:02,2019-10-04 18:00:00,0,공사 ,경안로 수질관리사업소 경산네거리 3차로 주의운전 도로공사 -,128.7261816,35.8520804
2019-10-04 09:56:31,25,2019-10-04 09:52:02,2019-10-04 18:00:00,0,공사 ,대전통영고속도로 비룡분기점 판암Ic 차로 214km(방향) 주의운전 도로공사 -,127.5731281,36.3064694
2019-10-04 09:57:01,32,2019-10-04 09:53:22,2019-10-04 12:55:02,0,공사 ,통영대전선(0351) (2차로) 교량 단면 보수 작업중 [고속도로]통영대전선(0351) (2차로) 교량 단면 보수 작업중,127.6379,35.8031
2019-10-04 09:57:31,4,2019-10-04 09:53:02,2019-10-04 10:23:00,0,공사 ,동작대로 경문고교 이수고가차도남측 4차로 주의운전 도로공사,126.982890638623,37.4951862737844
2019-10-04 09:58:00,11,2019-10-04 09:52:02,2019-10-04 10:22:00,2,통제 ,일반국도7호선 초구삼거리 사문재삼거리 2차로 도로 청소작업  -,129.100690916401,37.5667774509334
2019-10-04 09:58:30,19,2019-10-04 09:51:02,2019-10-04 18:00:00,0,공사 ,일반국도35호선 양주사거리 양주지하차도남 1차로 종합운동장 앞 도로보수공사중 참고운전  -,129.0336193,35.3432084
2019-10-04 09:59:30,36,2019-10-04 09:51:02,2019-10-04 18:00:00,0,공사 ,청주상주고속국도 60k 화서IC 내서4터널서측 2차로 주의운전 시설물 -,128.054053,36.4146909
2019-10-04 10:00:00,39,2019-10-04 09:51:02,2019-10-04 18:00:00,0,공사 ,중부내륙고속도로 남성주IC 고령JC 1차로 0km(현풍IC방향) 주의운전  -,128.3555903,35.7873623
2019-10-04 10:00:30,43,2019-10-04 09:58:02,2019-10-04 10:28:00,2,통제 ,일반국도17호선 대성삼거리 면허시험장삼거리 3차로 주의운전  -,127.4583019,36.29366
2019-10-04 10:01:00,51,2019-10-04 09:59:02,2019-10-04 18:00:00,0,공사 ,일반국도1호선 창룡문지하차도 교육청사거리 1차로 주의운전 도로공사 -,127.0207427,37.2915957
2019-10-04 10:01:31,68,2019-10-04 09:58:02,2019-10-04 11:00:00,0,공사 ,학사대길 명진중학교 화명기차역 2차로 주의운전 시설물 -,129.008920229561,35.2387350255046
2019-10-04 10:02:31,91,2019-10-04 09:58:02,2019-10-04 18:00:00,0,공사 ,일반국도6호선 용두동사거리 용두동사거리국도6호선 1차로 주의운전 유지보수 -,127.030680003622,37.5777585976185
2019-10-04 10:03:01,6,2019-10-04 09:57:02,2019-10-04 18:00:00,0,공사 ,일반국도14호선 관덕삼거리 노전마을 2차로 전봇대 이설 공사로 정체우려 시설물 -,128.356907,34.9141415
2019-10-04 10:03:31,9,2019-10-04 09:56:02,2019-10-04 10:26:00,1,사고 ,동작대로 경문고교 이수고가차도남측 1차로 주의운전 교통사고 -,126.982862484357,37.4946772008106
2019-10-04 10:04:01,19,2019-10-04 09:55:02,2019-10-04 18:00:00,0,공사 ,거안로 마리삼거리 건계정 1차로 작업으로 도로폭좁아져 주의운전 당부 도로공사 -,127.8583605,35.6989704
2019-10-04 10:04:31,22,2019-10-04 09:54:02,2019-10-04 11:00:00,0,공사 ,반석1길 제일프라자앞 반석마을4단지아파트 2차로 간판 교체  -,127.3114717,36.3914334
2019-10-04 10:05:31,32,2019-10-04 10:03:02,2019-10-04 10:33:00,1,사고 ,오목로 목동지하차도북측 목동지하차도남측 1차로 주의운전 차량고장 -,126.872751885447,37.5249761125498
2019-10-04 10:06:30,62,2019-10-04 10:02:02,2019-10-04 18:00:00,0,공사 ,연희로 홍은사거리연희로진입 내부순환로연희로램프 1차로 주의운전 시설물 -,126.9397316,37.5908017
2019-10-04 10:07:00,8,2019-10-04 10:02:02,2019-10-04 18:00:00,0,공사 ,삼동로 성길공인중개사 하작교 1차로 주의운전 도로공사 -,129.1764648,35.5214595
2019-10-04 10:08:00,19,2019-10-04 10:00:02,2019-10-04 13:00:00,0,공사 ,보람아파트 네거리 하수도공사 초원유치원4가  보람아파트4가 2차로 하수도공사로 3차로 통제중 후미지체 위험  하수관 -,127.4303227,36.3673267
2019-10-04 10:08:30,26,2019-10-04 10:01:02,2019-10-04 10:31:00,2,행사 ,소공로 중앙우체국 한국은행앞 1차로 주의운전  -,126.9814529,37.5617251
2019-10-04 10:09:00,38,2019-10-04 10:00:02,2019-10-04 18:00:00,0,공사 ,보수대로 구덕사거리 구덕교차로 1차로 신호기 교체작업 신호기 고장 -,129.0169442,35.1161402
2019-10-04 10:10:31,48,2019-10-04 10:09:02,2019-10-04 10:39:00,1,사고 ,소래로 남동경기장 담방마을삼거리 1차로 주의운전  -,126.7329537,37.4368345
2019-10-04 10:11:01,55,2019-10-04 10:09:02,2019-10-04 10:39:00,1,사고 ,방배로 방배역 방림종합시장입구 1차로 주의운전 교통사고 -,126.9973072,37.4821518
2019-10-04 10:11:30,78,2019-10-04 10:08:02,2019-10-04 18:00:00,0,공사 ,중앙고속도로 동명휴게소 칠곡IC 1차로 115km(칠곡IC방향) 주의운전  -,128.5496535,35.9515038
2019-10-04 10:12:00,82,2019-10-04 10:08:02,2019-10-04 18:00:00,0,공사 ,중부고속도로 경기광주JC 광주IC동측본선 2차로 0km(방향) 주의운전 시설물 -,127.2951229,37.4323006
2019-10-04 10:13:01,94,2019-10-04 10:08:02,2019-10-04 18:00:00,0,공사 ,미사강변동로110번길 하남종합운동장 미사강변도시29단지 1차로 주의운전 도로공사 -,127.1976298,37.5642959
2019-10-04 10:13:31,105,2019-10-04 10:07:02,2019-10-04 18:00:00,0,공사 ,월영동7길 해운중교앞교차로 대동씨코아아파트앞교차로 1차로 주의운전 도로공사 -,128.5642095,35.1779003
2019-10-04 10:14:01,119,2019-10-04 10:07:02,2019-10-04 18:00:00,0,공사 ,한천로 번동프라자약국 강북보건소 3차로 주의운전 도로공사 -,127.0371515,37.6340427
2019-10-04 10:15:00,2,2019-10-04 10:07:02,2019-10-04 18:00:00,0,공사 ,지방도318호선 무송교차로 주유소 1차로 주의운전 도로공사 -,126.8450228,37.1879763
2019-10-04 10:15:30,7,2019-10-04 10:14:02,2019-10-04 10:44:00,1,사고 ,경부상행 391 k 수원 서울 1,2차로 주의운전 교통사고 -,127.03571,37.2775394
2019-10-04 10:16:00,14,2019-10-04 10:13:02,2019-10-04 12:00:00,0,공사 ,일반국도7호선 북평여자고등학교 충효탑사거리 2차로 2차 도로청소작업중으로 주의운전 요망  -,129.1094313,37.4903158
2019-10-04 10:16:31,37,2019-10-04 10:14:02,2019-10-04 18:00:00,0,공사 ,중부내륙고속도로 고령JC 고령JC 1차로 0km(방향) 안전운전  -,128.3763248,35.7574208
2019-10-04 10:17:01,45,2019-10-04 10:14:02,2019-10-04 10:44:00,2,통제 ,성수이로 윤진약국 뚝도시장 1차로 주의운전  -,127.0545103,37.5379107
2019-10-04 10:18:01,65,2019-10-04 10:13:02,2019-10-04 18:00:00,0,공사 ,일반국도6호선 발산역 마곡센트럴타워 1차로 주의운전 시설물 -,126.8345365,37.5592083
2019-10-04 10:18:31,71,2019-10-04 10:13:02,2019-10-04 10:43:00,1,사고 ,중부고속도로 삼성하이패스IC대전방면 음성IC 1차로 0km(음성IC방향) 주의운전  -,127.4759754,36.996208
2019-10-04 10:19:00,82,2019-10-04 10:12:02,2019-10-04 10:42:00,1,사고 ,참마을길 만수대동4 만수한국4 1차로 주의운전  -,126.734509,37.4415003
2019-10-04 10:19:30,86,2019-10-04 10:12:02,2019-10-04 18:00:00,0,공사 ,풍향로 두암체육관 청아맨션앞교차로 2차로 주의운전 유지보수,126.9328916,35.1744904
2019-10-04 10:20:00,89,2019-10-04 10:11:02,2019-10-04 10:41:00,1,사고 ,방배로 방배역 방림종합시장입구 3차로 주의운전 고장 차량 -,126.997280839308,37.4822174733808
2019-10-04 10:20:30,94,2019-10-04 10:15:02,2019-10-04 10:45:00,1,사고 ,서해안고속도로 함평 함평터널 1차로 38km(방향) 고장차량 안전운전 교통사고 -,126.4862742,35.0972535
2019-10-04 10:21:00,102,2019-10-04 10:14:02,2019-10-04 18:00:00,0,공사 ,서수원로 금곡사거리 칠보농협 3차로 통신선공사로 하위1개차로 통제 안전운행 및 서행   -,126.9600193,37.2720084
2019-10-04 10:21:30,126,2019-10-04 10:15:02,2019-10-04 18:00:00,0,공사 ,일반국도31호선 방림삼거리 하안미사거리 1차로 주의운전 도로공사 -,128.436468,37.4471494
2019-10-04 10:25:31,172,2019-10-04 10:20:02,2019-10-04 10:50:00,1,사고 ,남부순환로 선주빌라 신월사거리 4차로 주의운전 고장 차량 -,126.829808086585,37.5338756206305
2019-10-04 10:26:01,180,2019-10-04 10:16:02,2019-10-04 10:46:00,1,사고 ,동부간선도로 녹천교동단 마들지하차도남측 1차로 주의운전 고장 차량 서울청,127.056336127781,37.6434779244168
2019-10-04 10:26:31,203,2019-10-04 10:20:02,2019-10-04 10:50:00,1,사고 ,호남고속도로 익산JC 익산JC 1차로 0km(익산IC방향) 주의운전 교통사고 -,127.0977865,35.9496199
2019-10-04 10:27:01,5,2019-10-04 10:19:02,2019-10-04 18:00:00,0,공사 ,한글비석로 하계56단지 하계극동아파트 3차로 주의운전 도로공사 -,127.064468755915,37.6336845610724
2019-10-04 10:27:31,8,2019-10-04 10:18:02,2019-10-04 18:00:00,0,공사 ,일반국도4호선 현대남촌아파트삼 현대남촌아파트삼 3차로 지체.정체 우려 도로공사 -,127.404904345306,36.3204318648229
2019-10-04 10:28:01,7,2019-10-04 10:19:02,2019-10-04 10:49:00,2,통제 ,양덕동2길 양덕2 양덕광장 1차로 해안대로에서 롯데마트 방면 도로가 아직 미개통으로 통제중입니다 우회바랍니다 공사 -,128.5885548,35.2256145
2019-10-04 10:28:31,12,2019-10-04 10:19:02,2019-10-04 18:00:00,0,공사 ,독립로 교보생명사거리 안보회관앞 2차로 주의운전 유지보수,126.9159128,35.1642957
2019-10-04 10:29:01,25,2019-10-04 10:19:02,2019-10-04 10:49:00,1,사고 ,인주로 장수2교 장승백이사거리 1차로 주의운전  -,126.7455724,37.4476141
2019-10-04 10:30:30,5,2019-10-04 10:28:02,2019-10-04 10:58:00,1,사고 ,일반국도30호선 이곡역사거리 성서IC입구 4차로 주의운전 교통사고 -,128.5182415,35.8503076
2019-10-04 10:31:00,12,2019-10-04 10:28:02,2019-10-04 18:00:00,0,공사 ,테크노폴리스로 명곡터널북측 명곡터널남측 1차로 주의운전 도로공사 -,128.5031897,35.7887115
2019-10-04 10:31:30,35,2019-10-04 10:27:02,2019-10-04 18:00:00,0,공사 ,일반국도31호선 대화사거리 신리삼거리 1차로 주의운전 도로공사 -,128.4548354,37.5302326
2019-10-04 10:32:00,43,2019-10-04 10:27:02,2019-10-04 18:00:00,0,공사 ,영신로 영등포역고가차도남측 영등포역고가차도북측 2차로 주의운전 도로공사 -,126.902083771349,37.5168585635839
2019-10-04 10:32:30,55,2019-10-04 10:26:02,2019-10-04 18:00:00,0,공사 ,익산포항고속도로 임고4터널 영천휴게소 1차로 0km(북영천IC방향) 주의운전 시설물 -,129.0718893,36.0423869
2019-10-04 10:33:00,61,2019-10-04 10:26:02,2019-10-04 10:56:00,1,사고 ,남해고속도로 진주2터널동측 진성IC 1차로 0km(진성IC방향) 주의운전 차량고장 -,128.2221892,35.1848288
2019-10-04 10:33:31,64,2019-10-04 10:25:02,2019-10-04 18:00:00,0,공사 ,중앙로 월드마트 진우하이빌1차아파트 2차로 건물외벽공사로 정체우려 시설물 -,128.4285351,34.8565782
2019-10-04 10:34:00,75,2019-10-04 10:25:02,2019-10-04 18:00:00,0,공사 ,연서로 흥부가든앞삼거리 삼천리골입구 2차로 주의운전  -,126.939047476816,37.6430669779497
2019-10-04 10:34:31,79,2019-10-04 10:24:02,2019-10-04 10:54:00,1,사고 ,인주로 구룡사거리 남동구청사거리 1차로 주의운전  -,126.7295851,37.4484699
2019-10-04 10:35:31,1,2019-10-04 10:31:02,2019-10-04 11:01:00,1,사고 ,중부내륙고속도로 여주JC남측중부내륙선본선 감곡IC 1차로 257.2km(감곡IC방향) 주의운전 교통사고 -,127.6286114,37.1675265
2019-10-04 10:36:01,8,2019-10-04 10:31:02,2019-10-04 18:00:00,0,공사 ,일반국도43호선 삼보주택2차앞 그린빌주공1단지앞 2차로 서행주의  시설물 -,127.0608782,37.7504393
2019-10-04 10:36:31,32,2019-10-04 10:30:02,2019-10-04 18:00:00,0,공사 ,삼호로 서마산IC사거리 북성초교입구교차로 3차로 북성초앞 삼거리 일대 도로 하수관 공사중 주의 운전 바람 하수관 -,128.5657361,35.2317918
2019-10-04 10:37:00,43,2019-10-04 10:31:02,2019-10-04 18:00:00,0,공사 ,오전로 등기소사거리 개나리아파트앞교차로 1차로 주의운전 도로공사 -,126.9819621,37.3475566
2019-10-04 10:37:30,52,2019-10-04 10:29:02,2019-10-04 18:00:00,0,공사 ,은어송로 대전은어송초방면 가오동홈플러스 2차로 주의운전  -,127.4576349,36.3073348
2019-10-04 10:38:00,56,2019-10-04 10:30:02,2019-10-04 11:00:00,2,행사 ,일반국도29호선 상방마을앞 제1포교2 1차로 주의운전 문화행사 -,126.8527826,35.7537097
2019-10-04 10:39:00,70,2019-10-04 20:28:02,2019-10-04 18:00:00,2,통제 ,일반국도7호선 망양터널 덕신휴게소 사동교차로 진행방향 전체차로 주의운전 자연재해 -,129.4202642,36.8678062
2019-10-04 10:39:32,80,2019-10-04 10:28:02,2019-10-04 10:58:00,1,사고 ,서해안고속도로 팔곡JC남측서해안선본선 매송IC북측본선 목포 3차로 화물차관련 사고처리 후미 주의운전 교통사고 -,126.89718558155,37.3050093196813
2019-10-04 10:40:30,86,2019-10-04 10:38:02,2019-10-04 11:08:00,1,사고 ,동작대로 국민은행사당동지점 삼산빌딩 1차로 주의운전 차량고장 -,126.9819108,37.4792597
2019-10-04 10:41:00,94,2019-10-04 10:38:02,2019-10-04 18:00:00,0,공사 ,익산포항고속도로 영천휴게소 임고4터널 3차로 47km(서포항IC방향) 주의운전 시설물 -,129.0976041,36.0517959
2019-10-04 10:41:30,117,2019-10-04 10:38:02,2019-10-04 18:00:00,0,공사 ,워커힐로 워커힐길삼거리1 양진중학교앞 1차로 주의운전 시설물 -,127.097708,37.545466
2019-10-04 10:42:30,133,2019-10-04 10:35:02,2019-10-04 18:00:00,0,공사 ,월영동7길 방송통신대학교 에스케이저유소 1차로 주의운전 도로공사 -,128.5642282,35.1778889
2019-10-04 10:43:00,145,2019-10-04 10:35:02,2019-10-04 11:05:00,2,통제 ,삼호로 북성초교입구교차로 석전지하차도서측 5차로 석전동 아파트 신축 관련 도로 통제중 주의바람 공사 -,128.5708464,35.2302809
2019-10-04 10:43:30,149,2019-10-04 10:35:02,2019-10-04 18:00:00,0,공사 ,축항대로 개항탑교차로 제2경인고속도로시점 1차로 주의운전 도로공사 -,126.6272306,37.4477886
2019-10-04 10:44:00,160,2019-10-04 10:33:02,2019-10-04 11:03:00,1,사고 ,일반국도43호선 세무서입구삼거리 교문4거리 1차로 주의운전 교통사고 -,127.1308948,37.5998637
2019-10-04 10:45:30,166,2019-10-04 10:42:02,2019-10-04 11:12:00,1,사고 ,올림픽대로 가양대교 방화대교 4차로 주의운전 교통사고 서울청,126.847623368742,37.5721517867577
2019-10-04 10:46:00,173,2019-10-04 10:42:02,2019-10-04 13:00:00,0,공사 ,앞산순환도로 앞산공원입구 현충삼거리 1차로 교통안전시설공사 주의운전  -,128.5841336,35.8332835
2019-10-04 10:46:31,197,2019-10-04 10:42:02,2019-10-04 11:12:00,2,통제 ,해안남로 강화편의점 초지교차로 1차로 주의운전 자연재해 -,126.532313,37.626792
2019-10-04 10:47:01,205,2019-10-04 10:42:02,2019-10-04 11:12:00,1,사고 ,올림픽대로 가양대교 방화대교 4차로 주의운전 교통사고 -,126.848184312675,37.5718506763665
2019-10-04 10:47:31,216,2019-10-04 10:40:02,2019-10-04 18:00:00,0,공사 ,일반국도14호선 피렌체 마산시립1 4차로 석전사거리 앞 버스 정류소 페인트 작업중 주의 운전 바람 시설물 -,128.5734817,35.2270383
2019-10-04 10:48:01,223,2019-10-04 10:40:02,2019-10-04 11:10:00,2,행사 ,옥산오창고속도로 서오창IC교차로동측 서오창IC교차로북측 1차로 주의운전 행사 -,127.4082589,36.7270558
2019-10-04 10:48:31,226,2019-10-04 09:00:02,2019-10-04 18:00:00,0,공사 ,공단로 정동사거리 상복사거리 3차로 주의운전 하수관 -,128.6715168,35.2020793
2019-10-04 10:49:01,235,2019-10-04 10:39:02,2019-10-04 18:00:00,0,공사 ,일반국도46호선 신청평IC6 신청평대교앞 1차로 전방상황  도로공사 -,127.4034276,37.7206789
2019-10-04 10:49:31,238,2019-10-04 10:39:02,2019-10-04 18:00:00,0,공사 ,월남로 STX사원아파트진입로앞교차로 마천육교밑교차로 1차로 주의운전 도로공사 -,128.7791861,35.1207266
2019-10-04 10:50:30,245,2019-10-04 10:47:02,2019-10-04 11:17:00,1,사고 ,진흥로 대조불광시장 국립보건원 1차로 주의운전 교통사고 -,126.927574,37.6087943
2019-10-04 10:51:00,252,2019-10-04 10:46:02,2019-10-04 18:00:00,0,공사 ,모아엘가 405동 앞 도로 구래역삼거리 구래역사거리 3차로 주의운전 도로공사 -,126.6676595,37.6570049
2019-10-04 10:51:30,275,2019-10-04 10:47:02,2019-10-04 18:00:00,0,공사 ,중앙고속도로 군위JC안동방면 군위IC 2차로 142km(방향) 갓길 차단 시설물 -,128.5499001,36.1799179
2019-10-04 10:52:00,289,2019-10-04 10:45:02,2019-10-04 16:00:00,0,공사 ,송내대로 복사골문화센터사거리 화목사거리 1차로 주의운전  -,126.767458603492,37.5037465124091
2019-10-04 10:52:30,299,2019-10-04 10:45:02,2019-10-04 11:15:00,1,사고 ,서해안고속도로 서평택IC남측본선 행담도휴게소 목포 3차로 대형화물차 고장 후미 주의운전 고장 차량 -,126.870303836696,36.9832955505689
2019-10-04 10:53:00,307,2019-10-04 10:45:02,2019-10-04 18:00:00,0,공사 ,와우산로 산울림소극장 창천삼거리 1차로 주의운전 도로공사 -,126.931410396544,37.5564222233755
2019-10-04 10:53:30,311,2019-10-04 10:44:02,2019-10-04 18:00:00,0,공사 ,고산로 문화센터사거리 당정지하차도 1차로 주의운전 도로공사 -,126.944993426678,37.3459429767878
2019-10-04 10:54:00,323,2019-10-04 10:44:02,2019-10-04 11:14:00,1,사고 ,수정로 보건소삼거리 GS신흥주유소 1차로 주의운전 차량고장 -,127.1466537,37.45027
2019-10-04 10:55:31,333,2019-10-04 10:53:02,2019-10-04 11:23:00,1,사고 ,한가람길 아리랑주유소 옥련중후문4거리 1차로 주의운전 차량고장 -,126.655206,37.4278001
2019-10-04 10:56:01,340,2019-10-04 10:51:02,2019-10-04 15:00:00,0,공사 ,진잠로 새솔센터삼거리 유성대로626번길시점 1차로 주의운전 도로공사 -,127.327195,36.3494886
2019-10-04 10:56:30,366,2019-10-04 10:49:02,2019-10-04 18:00:00,0,공사 ,당교로 반가운 대조교차로 1차로 차선 도색작업  -,128.1794226,36.5839008
2019-10-04 10:57:00,374,2019-10-04 10:49:02,2019-10-04 18:00:00,0,공사 ,dreambay로 평화비치맨션앞교차로 방통대마산시학습관앞교차로 3차로 주의운전 도로공사 -,128.5670163,35.1776257
2019-10-04 10:57:30,379,2019-10-04 10:48:02,2019-10-04 18:00:00,0,공사 ,영신로 영등포역고가차도북측 영등포역고가차도북측 4차로 주의운전 도로공사 -,126.901869487281,37.5169705095034
2019-10-04 10:58:00,382,2019-10-04 10:48:02,2019-10-04 18:00:00,0,공사 ,금상로 노상유료주차장 성남중원경찰서 1차로 주의운전 도로공사 -,127.170324,37.4434974
2019-10-04 11:00:30,411,2019-10-04 10:56:02,2019-10-04 11:26:00,1,사고 ,중앙로 시민회관사거리 서대전네거리 1차로 후미 주의 고장 차량 -,127.414922970289,36.3228577249183
2019-10-04 11:01:00,419,2019-10-04 10:56:02,2019-10-04 18:00:00,0,공사 ,마장로42길 흥일연립 마장세림아파트 1차로 주의운전 시설물 -,127.0466533,37.5653484
2019-10-04 11:02:00,450,2019-10-04 10:55:02,2019-10-04 18:00:00,0,공사 ,남부순환로 청실종합상가 대치역 1차로 주의운전 도로공사 -,127.0627959,37.4942108
2019-10-04 11:02:00,A000022771,2019-10-04 11:02:00,,0,공사,일반국도[6] 양평군 용두교차로 () 1차로 차단 공사중국도6호선 용두교차로 공사중,127.7163475,37.5520725
2019-10-04 11:02:30,461,2019-10-04 10:55:02,2019-10-04 18:00:00,0,공사 ,당진영덕고속도로 북의성TG 북의성IC 2차로 0km(방향) 주의운전 시설물 -,128.6875461,36.4155659
2019-10-04 11:03:00,469,2019-10-04 10:54:02,2019-10-04 18:00:00,0,공사 ,대구부산간고속도로 수성IC 청도IC 1,2차로 78km(방향) 주의운전  -,128.7353169,35.7790216
2019-10-04 11:03:30,473,2019-10-04 10:53:02,2019-10-04 11:23:00,1,사고 ,남해고속도로 진례IC 김해터널 1차로 0km(방향) 주의운전  -,128.7529915,35.2647505
2019-10-04 11:05:30,496,2019-10-04 11:03:02,2019-10-04 11:33:00,1,사고 ,강남대로 국악고교입구 양재시민의숲 1차로 주의운전 차량고장 -,127.039548975855,37.4690596259755
2019-10-04 11:06:00,504,2019-10-04 11:03:02,2019-10-04 18:00:00,0,공사 ,중부고속도로 산청휴게소 산청ic 1차로 78km(단성IC방향) 1차로차단 시설물보수 중 시설물 -,127.9174155,35.3639016
2019-10-04 11:06:30,527,2019-10-04 11:02:02,2019-10-04 18:00:00,0,공사 ,경부고속도로 기흥IC북측본선 수원IC남측본선 1차로 0km(판교IC방향) 주의운전 도로공사 -,127.1040193924,37.2630953835671
2019-10-04 11:07:00,531,2019-10-04 11:01:02,2019-10-04 18:00:00,0,공사 ,아차산로 태화약국 경동초교입구사거리 3차로 주의운전 시설물 -,127.051362260473,37.5460669896607
2019-10-04 11:07:30,540,2019-10-04 11:01:02,2019-10-04 18:00:00,0,공사 ,수색로 수색역 수색교 1차로 주의운전 시설물 -,126.8923056,37.5837418
2019-10-04 11:08:00,544,2019-10-04 11:01:02,2019-10-04 18:00:00,0,공사 ,학산로 조암네거리 대륜정비북편 1차로 주의운전 도로공사 -,128.5193363,35.8220342
2019-10-04 11:08:30,547,2019-10-04 11:01:02,2019-10-04 18:00:00,0,공사 ,새정공원로 사정공원삼거리 보훈공원삼거리 1차로 주의운전 도로공사 -,127.397114513561,36.297993538935
2019-10-04 11:09:01,559,2019-10-04 11:00:02,2019-10-04 18:00:00,0,공사 ,일반국도77호선 인천역사거리 중구농협 1차로 주의운전 도로공사 -,126.6174896,37.4768151
2019-10-04 11:09:31,563,2019-10-04 10:59:02,2019-10-04 18:00:00,0,공사 ,일반국도77호선 인천역사거리 중구농협 1차로 주의운전 도로공사 -,126.6174896,37.4768151
2019-10-04 11:10:31,574,2019-10-04 11:05:02,2019-10-04 11:35:00,1,사고 ,부산외곽순환고속도로 노포IC진영방면 터널동측 1차로 0km(방향) 주의운전 교통사고 -,129.0917085,35.2925479
2019-10-04 11:11:31,605,2019-10-04 11:04:02,2019-10-04 18:00:00,0,공사 ,지식기반로 송도국제대로2 만도브로제 1차로 주의운전 도로공사 -,126.6488521,37.3611837
2019-10-04 11:12:01,613,2019-10-04 11:03:02,2019-10-04 18:00:00,0,공사 ,통영대전고속도로 함양분기점 생초ic 1차로 1km(거창IC방향) 시설물보수작업 1차로 차단 시설물 -,127.8045539,35.5505812
2019-10-04 11:15:31,4,2019-10-04 11:12:02,2019-10-04 11:42:00,1,사고 ,통영대전중부고속도로 연화산IC 진주JC 2차로 45.3km(방향) 주의운전  -,128.1213345,35.1317552
2019-10-04 11:16:00,9,2019-10-04 11:12:02,2019-10-04 18:00:00,0,공사 ,2순환로 서청주교사거리 향정삼거리 진행방향 전체차로 주의운전 도로공사 -,127.4509645,36.6535582
2019-10-04 11:16:30,33,2019-10-04 11:11:02,2019-10-04 11:41:00,1,사고 ,충정로 충정로역 서대문역 1차로 서행 고장 차량 서울청,126.966660223598,37.5656906752974
2019-10-04 11:17:00,41,2019-10-04 11:12:02,2019-10-04 11:42:00,2,행사 ,지방도734 청운육교서측 TMO사거리 1차로 주의운전  -,126.7781283,35.3062282
2019-10-04 11:17:30,49,2019-10-04 11:12:02,2019-10-04 18:00:00,0,공사 ,구성로 경찰대학사거리 하마비마을동부아파트앞 2차로 주의운전 도로공사 -,127.121817845403,37.2934104927157
2019-10-04 11:18:00,60,2019-10-04 11:11:02,2019-10-04 11:41:00,2,행사 ,일반국도29호선 문화회관앞전앞 담양읍교차로 1차로 주의운전  -,126.9840749,35.3153165
2019-10-04 11:18:30,64,2019-10-04 11:11:02,2019-10-04 11:41:00,2,행사 ,화랑로 안산시청앞 교보생명2 1차로 주의운전 집회 -,126.8304475,37.3212728
2019-10-04 11:19:00,76,2019-10-04 11:11:02,2019-10-04 11:41:00,1,사고 ,일반국도2호선 대발령삼거리 상리마을앞 1차로 주의운전 교통사고 -,128.71201,35.1259194
2019-10-04 11:19:30,79,2019-10-04 11:10:02,2019-10-04 18:00:00,0,공사 ,월곡산정8로 산정목욕탕 LG전자프라자 1차로 주의운전 도로공사 -,126.8073325,35.1721891
2019-10-04 11:20:01,84,2019-10-04 11:10:02,2019-10-04 18:00:00,0,공사 ,국가지원지방도56호선 탑골3교 덕정사거리 1차로 주의운전 도로공사 -,127.0539538,37.8465263
2019-10-04 11:20:31,87,2019-10-04 11:14:02,2019-10-04 11:44:00,1,사고 ,호남고속도로지선 논산IC 논산JC호남선북측  1,2차로 화물차단독사고 후미 주의운전 교통사고 -,127.121196555573,36.1124237741339
2019-10-04 11:21:01,95,2019-10-04 18:00:02,2019-10-04 18:00:00,0,공사 ,익산포항고속도로 임고3터널 임고3터널 3차로 39km(북영천IC방향) 주의운전 시설물 -,129.0520264,36.0494789
2019-10-04 11:25:30,165,2019-10-04 11:22:02,2019-10-04 11:52:00,1,사고 ,강변북로 가양대교 난지나들목 1차로 서행 교통사고 서울청,126.88417067312,37.564097860344
2019-10-04 11:26:00,173,2019-10-04 11:22:02,2019-10-04 18:00:00,0,공사 ,일반국도67호선 약목 석적 양방향 전체차로 약목에서 석적방면 덕포대교 북단 도로개선공사 도로공사 -,128.4100203,36.0483685
2019-10-04 11:26:31,196,2019-10-04 11:21:02,2019-10-04 18:00:00,0,공사 ,목행공단3로 목행공단3로앞교차로 국원대로앞교차로 2차로 주의운전  -,127.9304977,37.0069627
2019-10-04 11:27:00,202,2019-10-04 11:21:02,2019-10-04 18:00:00,0,공사 ,홍익10길 한강식당 굿모닝신한증권앞교차로 1차로 서행  하수관 -,129.3631336,36.0302605
2019-10-04 11:27:30,211,2019-10-04 11:21:02,2019-10-04 18:00:00,0,공사 ,강남대로 교육개발원입구 서초구민회관 1차로 주의운전 시설물 -,127.0387833,37.479201
2019-10-04 11:28:00,220,2019-10-04 11:21:02,2019-10-04 18:00:00,0,공사 ,수문통로 수문통길4거리 송현삼거리1 1차로 주의운전 도로공사 -,126.6323324,37.477926
2019-10-04 11:29:00,241,2019-10-04 11:19:02,2019-10-04 18:00:00,0,공사 ,음성로 현대블루핸즈 찬샘뜰입구 1차로 주의운전 도로공사 -,127.6879504,36.9255328
2019-10-04 11:29:31,244,2019-10-04 11:19:02,2019-10-04 18:00:00,0,공사 ,일반국도42호선 대흥주유소앞 쌍용아파트입구삼거리 1차로 주의운전 도로공사 -,127.1440134,37.2553001
2019-10-04 11:30:31,250,2019-10-04 11:23:02,2019-10-04 11:53:00,2,통제 ,동서고가로 문전교차로 황령터널 1차로 정체로인한라바콘설치  -,129.0678598,35.1501501
2019-10-04 11:31:00,256,2019-10-04 11:22:02,2019-10-04 18:00:00,0,공사 ,국가지원지방도49호선 달도교차로 해남읍 1차로 주의운전 도로공사 -,126.3869939,34.7334562
2019-10-04 11:31:31,279,2019-10-04 11:23:02,2019-10-04 18:00:00,0,공사 ,살곶이길 고산자교 마장현대아파트 2차로 주의운전 유지보수 -,127.038832531074,37.571653587069
2019-10-04 11:35:30,324,2019-10-04 11:32:02,2019-10-04 12:02:00,1,사고 ,올림픽대로 잠실대교 올림픽대교 2차로 서행 고장 차량 서울청,127.102870517746,37.5236730260759
2019-10-04 11:36:00,331,2019-10-04 11:32:02,2019-10-04 18:00:00,0,공사 ,왕십리로 세림간호학원 행당굴다리 3차로 주의운전 도로공사 -,127.038689777988,37.5582828512894
2019-10-04 11:36:30,355,2019-10-04 11:29:02,2019-10-04 18:00:00,0,공사 ,중부고속도로 판암 비룡분기점 2차로 214km(옥천IC방향) 약간의 정체 도로공사 -,127.4927796,36.348131
2019-10-04 11:37:00,367,2019-10-04 11:30:02,2019-10-04 12:00:00,1,사고 ,일반국도34호선 교량서측 판정교차로 1차로 주의운전 차량고장 -,127.1877477,36.9196599
2019-10-04 11:37:30,378,2019-10-04 11:30:02,2019-10-04 18:00:00,0,공사 ,살곶이길 한양대병원사거리 성동교북단사근동길 1차로 주의운전 하수도/배수로 작업 -,127.040770466295,37.5572694410311
2019-10-04 11:38:00,385,2019-10-04 11:30:02,2019-10-04 18:00:00,0,공사 ,일반국도7호선 동아비디오촬영소앞 쌍용자동차정비소앞 1차로 서행  도로공사 -,129.3578294,36.0547268
2019-10-04 11:38:30,386,2019-10-04 11:29:02,2019-10-04 18:00:00,0,공사 ,엘지로 하이닉스사거리 상신교차로 2차로 주의운전 도로공사 -,127.4269458,36.6437558
2019-10-04 11:39:00,389,2019-10-04 11:27:02,2019-10-04 18:00:00,0,공사 ,대구포항고속도로 화산분기점 대구 2차로 26km(방향) 주의운전 시설물 -,128.8827797,36.0325086
2019-10-04 11:50:30,29,2019-10-04 11:44:02,2019-10-04 12:14:00,1,사고 ,중앙고속도로 초정IC 대동IC 1,2차로 0km(방향) 주의운전  -,128.9830411,35.2399088
2019-10-04 12:00:30,172,2019-10-04 11:56:02,2019-10-04 12:26:00,1,사고 ,중부내륙고속도로 북상주IC 점촌함창IC 진행방향 전체차로 159.5km(북상주IC방향) 갓길 고장차량 주의 차량고장 -,128.166024,36.5334165
2019-10-04 12:01:00,176,2019-10-04 11:47:02,2019-10-04 18:00:00,0,공사 ,경명대로 아시아드사거리 경서동입구삼거리 3차로 도로포장공사관련 주의운전 도로공사 -,126.6601039,37.5354999
2019-10-04 12:05:30,37,2019-10-04 11:59:02,2019-10-04 12:29:00,1,사고 ,김해대로 새회현아파트 김해시노인복지회관 1차로 주의운전 교통사고 -,128.878413763366,35.2279939696451
2019-10-04 12:15:31,181,2019-10-04 12:10:02,2019-10-04 12:40:00,1,사고 ,올림픽대로 청담대교 잠실대교 1차로 주의운행 고장 차량 서울청,127.074866006541,37.5176708943012
2019-10-04 12:16:01,185,2019-10-04 12:11:02,2019-10-04 18:00:00,0,공사 ,왕십리로 세림간호학원 왕십리로왕십리광장로 1차로 주의운전 시설물 -,127.036050043099,37.5605833227206
2019-10-04 12:30:30,385,2019-10-04 12:26:02,2019-10-04 12:56:00,1,사고 ,대구부산간고속도로 수성IC 청도IC 1차로 0km(방향) 주의운전 차량고장 -,128.7456338,35.6626833
2019-10-04 12:35:30,453,2019-10-04 12:28:02,2019-10-04 12:58:00,1,사고 ,김포한강로 행주대교  김포  1차로 지체 주의운전  고장 차량 서울청,126.801840032304,37.5935859903597
2019-10-04 12:36:01,458,2019-10-04 12:29:02,2019-10-04 12:59:00,1,사고 ,올림픽대로 성수대교 영동대교 4차로 주의운전 교통사고 서울청,127.053488562934,37.5277376982581
2019-10-04 12:55:30,728,2019-10-04 12:50:02,2019-10-04 13:20:00,1,사고 ,전주광양고속도로 임실IC 터널 2차로 0km(방향) 주의운전 차량고장 -,127.3047248,35.6507601
2019-10-04 13:20:30,1068,2019-10-04 13:15:02,2019-10-04 13:45:00,1,사고 ,내부순환로 연희램프 홍제램프  3차로 지체 주의운전  교통사고 서울청,126.937302956125,37.5812704490987
2019-10-04 13:21:00,1073,2019-10-04 13:13:02,2019-10-04 18:00:00,0,공사 ,대전통영고속도로 남대전ic 판암ic 1차로 주의운전 도로공사 -,127.4559674,36.2869209
2019-10-04 13:22:00,10,2019-10-04 13:13:02,2019-10-04 13:43:00,2,행사 ,회천남로 센타프라자 양주옥정A16BL 1차로 주의운전 집회 -,127.089356,37.8197125
2019-10-04 13:25:31,41,2019-10-04 13:22:02,2019-10-04 13:52:00,1,사고 ,강변북로 광진구구리시경계1 강변북로분기1 1차로 주의운전 교통사고 -,127.1213358,37.5670425
2019-10-04 13:26:01,46,2019-10-04 13:22:02,2019-10-04 18:00:00,0,공사 ,국가지원지방도49호선 해동주유소 구성삼거리 1차로 주의운전 도로공사 -,126.3763834,34.7107566
2019-10-04 13:26:31,71,2019-10-04 13:22:02,2019-10-04 18:00:00,0,공사 ,대흥로 이대역 대흥동사무소 2차로 주의운전  도로공사 -,126.943850127101,37.5502276767538
2019-10-04 13:30:30,30,2019-10-04 13:27:02,2019-10-04 13:57:00,1,사고 ,창원대로 소라타운아파트앞교차로 구남산교 2차로 주의운전 교통사고 -,128.6911302,35.2055064
2019-10-04 13:31:31,22,2019-10-04 13:26:02,2019-10-04 18:00:00,0,공사 ,일반국도6호선 계양복지회관 서운중 2차로 주의운전  -,126.7396742,37.5256175
2019-10-04 13:32:01,30,2019-10-04 13:26:02,2019-10-04 13:56:00,1,사고 ,호남고속도로 장성Jct 백양사휴게소 2차로 103km(백양사IC방향) 주의운전 차량고장 -,126.8114003,35.3629089
2019-10-04 13:35:30,28,2019-10-04 13:31:02,2019-10-04 14:01:00,1,사고 ,능하대로 무선국사거리 송도교차로 1차로 주의운전 차량고장 -,126.6490286,37.4180649
2019-10-04 13:36:30,57,2019-10-04 12:29:02,2019-10-04 12:59:00,1,사고 ,남부순환로 봉림교 봉천역 양방향 전체차로 주의운전 교통사고 -,126.956099710172,37.4798713419937
2019-10-04 13:40:30,27,2019-10-04 13:35:02,2019-10-04 14:05:00,1,사고 ,남해고속도로 산인JC 함안IC 순천 1차로 사고처리중 하이패스 라인 주의운전 교통사고 -,128.471491470956,35.2715012153521
2019-10-04 13:41:30,57,2019-10-04 13:34:02,2019-10-04 18:00:00,0,공사 ,산성터널로 장전교동측 롯데마트금정점 2차로 산성터널공사로인한 서행요망 도로공사 -,129.0915541,35.2393732
2019-10-04 13:45:31,104,2019-10-04 13:39:02,2019-10-04 14:09:00,1,사고 ,호남고속도로지선 계룡IC 벌곡휴게소 논산 1,2차로 화물차 승용차간 사고, 후미 주의운전 교통사고 -,127.275105048705,36.2182141014213
2019-10-04 13:46:30,132,2019-10-04 13:38:02,2019-10-04 18:00:00,0,공사 ,금빛길 중원경찰서앞교차로 금광삼거리 1차로 주의운전 시설물 -,127.1688604,37.4446205
2019-10-04 13:50:31,182,2019-10-04 13:48:02,2019-10-04 14:18:00,1,사고 ,남해고속도로 산인JC 함안IC 1차로 0km(함안IC방향) 주의운전 교통사고 -,128.4708123,35.2717244
2019-10-04 13:51:01,188,2019-10-04 13:47:02,2019-10-04 18:00:00,0,공사 ,부평로 북부소방서앞삼거리 부평ic 4차로 주의운전  -,126.7214276,37.5171049
2019-10-04 13:51:30,208,2019-10-04 13:42:32,2019-10-04 16:45:13,0,공사 ,중부선(0352) (1차로)차선도색 작업중 [고속도로]중부선(0352) (1차로)차선도색 작업중,127.2521,37.458
2019-10-04 13:52:30,226,2019-10-04 13:43:02,2019-10-04 18:00:00,0,공사 ,상일로 상일동역 강일동입구 3차로 주의운전 도로공사 -,127.1719693,37.558039
2019-10-04 14:00:30,321,2019-10-04 13:56:02,2019-10-04 14:26:00,1,사고 ,안산길 샘골길앞교차로 안산길앞교차로 1차로 주의운전 교통사고 -,127.5281888,34.9405809
2019-10-04 14:01:30,341,2019-10-04 13:55:02,2019-10-04 18:00:00,0,공사 ,구만덕로 만덕터널입구 온천화신아파트 3차로 주의운전 도로공사 -,129.0671352,35.2104047
2019-10-04 14:02:00,350,2019-10-04 13:55:02,2019-10-04 18:00:00,0,공사 ,일반국도21호선 마온저수지입구 구항산업단지 1차로 주의운전 도로공사 -,126.649337118474,36.5661212644992
2019-10-04 14:02:30,359,2019-10-04 13:55:02,2019-10-04 14:25:00,2,통제 ,해안남로 강화편의점 초지교차로 1차로 주의운전 자연재해 -,126.532605,37.627016
2019-10-04 14:05:31,390,2019-10-04 14:04:02,2019-10-04 14:34:00,1,사고 ,동해고속도로 기장TG 기장일광IC남측 1차로 0km(방향) 주의운전 차량고장 -,129.2039332,35.2413352
2019-10-04 14:06:01,394,2019-10-04 14:03:02,2019-10-04 14:20:00,2,행사 ,영도대교 도개 영도대교 옛시청사거리 1차로 주의운전 행사 -,129.0359429,35.0987548
2019-10-04 14:06:30,415,2019-10-04 08:00:02,2019-10-04 20:00:00,0,공사 ,일반국도31호선 동면방산삼거리 덕곡삼거리 진행방향 전체차로 주의운전 도로공사 -,128.0262784,38.1895778
2019-10-04 14:07:00,424,2019-10-04 14:02:02,2019-10-04 18:00:00,0,공사 ,영광군도 북문재 교육청 1차로 주의운전 도로공사 -,126.3759501,35.2732434
2019-10-04 14:07:00,A000022780,2019-10-04 14:07:00,,0,공사,일반국도[7] 영덕군 프라이빗어스7 부근 (부산방향) 2차로 차단 공사중,129.3806559,36.3241496
2019-10-04 14:07:30,432,2019-10-04 14:00:02,2019-10-04 18:00:00,0,공사 ,지방도918호선 영양여자고등학교1 영양농협농용자재백화점 1차로 주의운전 도로공사 -,129.1291637,36.6613404
2019-10-04 14:08:00,441,2019-10-04 13:59:02,2019-10-04 14:29:00,2,통제 ,공단로 중원구청사거리 모란시장사거리 1차로 조경작업중  -,127.1342978,37.4290588
2019-10-04 14:08:30,443,2019-10-04 13:58:02,2019-10-04 18:00:00,0,공사 ,효성로 봉덕네거리 봉덕초등학교 1차로 주의운전 도로공사 -,128.5981498,35.8405187
2019-10-04 14:09:00,450,2019-10-04 13:59:02,2019-10-04 18:00:00,0,공사 ,한나루로 임마누엘침례교회앞 축현초교 1차로 주의운전 시설물 -,126.6482865,37.4224458
2019-10-04 14:11:00,464,2019-10-04 14:03:42,2019-10-04 17:06:14,0,공사 ,중앙선(0550) (2차로) 차선도색 작업중 [고속도로]중앙선(0550) (2차로) 차선도색 작업중,128.2932,36.9681
2019-10-04 14:11:30,19,2019-10-04 14:04:02,2019-10-04 18:00:00,0,공사 ,일반국도7호선 천곡사거리 약수마을입구 양방향 전체차로 도로확장공사 도로공사 -,129.3444347,35.640384
2019-10-04 14:12:01,27,2019-10-04 14:03:02,2019-10-04 18:00:00,0,공사 ,일반국도7호선 하수관작업 SK주유소앞 종합운동장  1차로 주의운전 하수관 -,128.88903,37.7742873
2019-10-04 14:15:31,64,2019-10-04 14:11:02,2019-10-04 14:41:00,1,사고 ,일반국도43호선 여성회관 입구 철원 1차로 후미160m 지체 교통사고 -,127.203296,37.8947722
2019-10-04 14:16:30,88,2019-10-04 14:09:02,2019-10-04 18:00:00,0,공사 ,을지로 을지전화국 을지로5가 1차로 주의운전 도로공사 -,127.0028073,37.5671233
2019-10-04 14:17:30,103,2019-10-04 14:06:02,2019-10-04 18:00:00,0,공사 ,천호대로 시립동부병원앞교차로 재덕정밀 2차로 주의운전 시설물 -,127.0322166,37.5739652
2019-10-04 14:20:30,133,2019-10-04 14:15:02,2019-10-04 14:45:00,1,사고 ,지방도56호선 군내사거리 용정사거리 1차로 안전운전, 교차로내 접촉 교통사고로 인해 후방 100미터 지체 교통사고 -,127.2067302,37.8923179
2019-10-04 14:21:00,138,2019-10-04 14:15:02,2019-10-04 18:00:00,0,공사 ,번영로 산본역동부사거리 동영센트럴타워 3차로 주의운전 시설물 -,126.934655575276,37.3591813623213
2019-10-04 14:21:31,157,2019-10-04 14:15:02,2019-10-04 18:00:00,0,공사 ,일반국도37호선 소수면 아성삼거리 음성 1차로 도로확장공사 도로공사 -,127.7651194,36.8333539
2019-10-04 14:22:01,167,2019-10-04 14:14:02,2019-10-04 18:00:00,0,공사 ,중앙고속도로 군위JC대구방면 군위JC안동방면 1차로 141km(방향) 램프구간 비탈면보수공사 주의요망  -,128.548514,36.1626107
2019-10-04 14:22:31,175,2019-10-04 14:15:02,2019-10-04 14:45:00,1,사고 ,일반국도14호선 의창구중동3955 의창구소답동2981 1차로 주의운전 교통사고 -,128.6262781,35.2611044
2019-10-04 14:23:01,184,2019-10-04 14:14:02,2019-10-04 18:00:00,0,공사 ,일반국도7호선 전신주 공사 경포사거리 SK주유소앞 2차로 주의운전  -,128.8877247,37.7752515
2019-10-04 14:30:30,274,2019-10-04 14:26:02,2019-10-04 14:56:00,2,통제 ,강남순환도시고속화도로 민마루고개 선암요금소 1차로 주의운전  -,127.030652845397,37.4601590400911
2019-10-04 14:31:01,281,2019-10-04 14:23:02,2019-10-04 18:00:00,0,공사 ,충무로 퇴계로3가 명보사거리 1차로 주의운전  -,126.9932154,37.5613356
2019-10-04 14:32:00,308,2019-10-04 14:23:02,2019-10-04 18:00:00,0,공사 ,능곡로 금강KCC아파트앞 능곡삼거리 1차로 주의운전 도로공사 -,126.818571774483,37.6273790314599
2019-10-04 14:40:31,409,2019-10-04 14:37:02,2019-10-04 15:07:00,1,사고 ,중앙고속도로지선 대동JC 물금IC 양산 3차로 갓길 역방향 승용차 단독사고 주의운전 교통사고 -,129.009940835229,35.2989738680139
2019-10-04 14:41:00,413,2019-10-04 14:36:02,2019-10-04 18:00:00,0,공사 ,주화로 장성2단지사거리 장성동부아파트앞 2차로 가로수 정비차량 후미 약 30m 지체  -,126.7453626,37.6759866
2019-10-04 14:41:30,432,2019-10-04 14:35:02,2019-10-04 15:05:00,1,사고 ,중부고속도로 진천IC 증평IC 통영 1차로 승용화물 3중추돌 사고처리중, 후미 주의운전 교통사고 -,127.499912026608,36.8076558270782
2019-10-04 14:42:00,438,2019-10-04 14:34:02,2019-10-04 15:04:00,1,사고 ,청주상주고속국도 화서IC 내서4터널서측 1차로 차량증가  추돌주의  -,128.0888457,36.3987633
2019-10-04 14:42:30,445,2019-10-04 14:34:02,2019-10-04 18:00:00,0,공사 ,백련산로 충암고교 서울시립은평병원 2차로 주의운전  도로공사 -,126.923004770461,37.5917360289137
2019-10-04 14:45:31,479,2019-10-04 14:40:02,2019-10-04 15:10:00,1,사고 ,잠수교 남 북 1차로 주의운전 교통사고 서울청,126.995520641163,37.5169016531366
2019-10-04 14:46:01,486,2019-10-04 14:41:02,2019-10-04 18:00:00,0,공사 ,방축로 방축삼거리 인천산업용품유통센터1공구 1차로 주의운전  -,126.6498499,37.4861032
2019-10-04 14:46:31,503,2019-10-04 14:37:22,2019-10-04 17:40:15,0,공사 ,서해안선(0150) (갓길) 시설물 보수 작업중 [고속도로]서해안선(0150) (갓길) 시설물 보수 작업중,126.8678,37.3785
2019-10-04 14:50:31,45,2019-10-04 14:43:02,2019-10-04 15:13:00,1,사고 ,반포대교 남 북 2,3차로 주의운전 교통사고 서울청,126.996199407746,37.5154060108603
2019-10-04 14:51:31,70,2019-10-04 14:43:02,2019-10-04 18:00:00,0,공사 ,덕양로 통천경로당입구 여양중입구 1차로 주의운전 도로공사 -,127.6331593,34.7907091
2019-10-04 14:55:30,118,2019-10-04 14:50:02,2019-10-04 15:20:00,1,사고 ,경부고속도로 안성IC북측본선 안성JC남측경부선본선 서울 1,2차로 승용화물 추돌, 사고범위길어서 후미 주의운전 교통사고 -,127.151913567128,37.0004798804543
2019-10-04 14:56:00,123,2019-10-04 14:51:02,2019-10-04 18:00:00,0,공사 ,지방도360호선 유진상가 무명4거리 1차로 주의운전 도로공사 -,126.7694671,37.7657201
2019-10-04 14:57:00,151,2019-10-04 14:50:02,2019-10-04 15:20:00,1,사고 ,경부고속도로 동김천IC 김천분기점 1차로 188km(김천분기점방향) 주의운전 차량고장 -,128.2142275,36.1585265
2019-10-04 14:57:30,158,2019-10-04 14:49:02,2019-10-04 18:00:00,0,공사 ,일반국도14호선 경상꽃화분앞 대복집앞 2차로 우측차로 공사증으로 주의 안전운전 당부 도로공사 -,128.6392831,35.2659557
2019-10-04 14:58:00,165,2019-10-04 14:49:02,2019-10-04 18:00:00,0,공사 ,천중로 신명초교입구 천동초교입구 1차로 주의운전 도로공사 -,127.1419056,37.5409755
2019-10-04 15:00:31,188,2019-10-04 14:48:02,2019-10-04 15:18:00,1,사고 ,안산시 중앙대로 터미널사거리 단원미술관사거리 3차로 차량사고 주의운전 -,126.84594067,37.3160054543233
2019-10-04 15:01:00,192,2019-10-04 14:56:02,2019-10-04 15:26:00,1,사고 ,상복길 상복사거리 상복교차로 1차로 전방차량고장으로 2차선통제 차량고장 -,128.667617505417,35.2017446332651
2019-10-04 15:01:30,204,2019-10-04 14:52:02,2019-10-04 15:22:00,1,사고 ,경부고속도로 안성휴게소 오산IC남측본선 1,2차로 승용차 관련사고 처리 중 주의운전 교통사고 -,127.127400822169,37.0818217759256
2019-10-04 15:05:31,250,2019-10-04 15:00:02,2019-10-04 15:30:00,1,사고 ,반포대로 반포대교남단  북단  3차로 지체 주의운전  교통사고 서울청,126.996572712956,37.5146897242418
2019-10-04 15:06:01,256,2019-10-04 14:57:02,2019-10-04 18:00:00,0,공사 ,송도과학로51번길 박문여자고등학교 송도테크노파크IT센터 1차로 주의운전 시설물 -,126.667053,37.3883902
2019-10-04 15:11:01,316,2019-10-04 15:06:02,2019-10-04 15:36:00,1,사고 ,서해안고속도로 화성휴게소 비봉IC남측본선 서울 1차로 승용다중추돌 사고처리중, 후미 주의운전 교통사고 -,126.873807905661,37.1701046781657
2019-10-04 15:11:31,336,2019-10-04 15:03:02,2019-10-04 15:33:00,1,사고 ,자유로 자유로JC 장항IC 1차로 차량사고 주의운전 -,126.7622034,37.6379415859772
2019-10-04 15:15:30,379,2019-10-04 15:11:02,2019-10-04 15:41:00,1,사고 ,서해안고속도로 매송IC북측본선 팔곡JC남측서해안선본선 서울 1차로 후미 주의운전 교통사고 -,126.901134791678,37.2867666864781
2019-10-04 15:16:00,386,2019-10-04 15:07:02,2019-10-04 18:00:00,0,공사 ,제2순환도로 각화사거리 각화IC 1차로 주의운전 도로공사 -,126.9397336,35.1789493
2019-10-04 15:20:30,441,2019-10-04 15:19:02,2019-10-04 15:49:00,1,사고 ,일반국도2호선 대발령삼거리 상리마을앞 1차로 주의운전 교통사고 -,128.7215989,35.1155457
2019-10-04 15:21:00,445,2019-10-04 15:15:02,2019-10-04 15:45:00,1,사고 ,중앙고속도로 제천터널북단 남제천IC남쪽 춘천 2차로 대형버스 고장, 후미 주의운전 고장 차량 -,128.183617700727,37.0744837349272
2019-10-04 15:21:31,463,2019-10-04 15:12:02,2019-10-04 18:00:00,0,공사 ,당진영덕고속도로 북의성IC 터널동측 1차로 0km(방향) 주의운전 도로공사 -,128.6806679,36.4199279
2019-10-04 15:22:01,469,2019-10-04 15:12:02,2019-10-04 18:00:00,0,공사 ,충장대로 부산항운노동조합 3부두 1차로 주의운전 도로공사 -,129.045187,35.1164319
2019-10-04 15:25:31,508,2019-10-04 15:22:02,2019-10-04 15:52:00,1,사고 ,한강대교 북 남 3차로 주의운전 교통사고 서울청,126.956904257959,37.5149567182289
2019-10-04 15:26:00,513,2019-10-04 15:19:02,2019-10-04 18:00:00,0,공사 ,광주대구고속도로 옥포JC 고령JC 1차로 0km(동고령IC방향) 주의운전 시설물 -,128.4181031,35.7708671
2019-10-04 15:40:30,697,2019-10-04 15:36:02,2019-10-04 16:06:00,1,사고 ,중부내륙고속도로 상주IC 낙동Jct 1차로 0km(선산IC방향) 차량증가 후방추돌주의  -,128.2404333,36.3852712
2019-10-04 15:41:00,2,2019-10-04 15:35:02,2019-10-04 16:05:00,1,사고 ,경부고속도로 168.9km 남구미IC 구미IC 4차로 0km(구미IC램프남측방향) 주의운전 차량고장 -,128.3644773,36.0761888
2019-10-04 15:41:30,23,2019-10-04 15:34:02,2019-10-04 16:04:00,1,사고 ,남부순환로 봉천본동농협앞 서울대입구역 3차로 사고 앞부분 교통사고 -,126.947654515979,37.4817742008826
2019-10-04 15:42:00,30,2019-10-04 15:32:02,2019-10-04 18:00:00,0,공사 ,고덕로80길 고덕주공아파트5단지 상일동역 2차로 주의운행 도로공사 -,127.165268537916,37.5535829446518
2019-10-04 16:00:31,65,2019-10-04 15:54:02,2019-10-04 16:24:00,1,사고 ,일반국도2호선 조례사거리 금당전앞 1차로 주의운전 교통사고 -,127.521796,34.9544264
2019-10-04 16:01:01,70,2019-10-04 15:52:02,2019-10-04 18:00:00,0,공사 ,중부내륙고속도로 성주IC 남성주휴게소 1차로 0km(남성주IC방향) 주의운전 시설물 -,128.3154248,35.8745385
2019-10-04 16:05:30,132,2019-10-04 16:02:02,2019-10-04 16:32:00,1,사고 ,익산포항고속도로 청통휴게소 청통와촌IC 2차로 0km(청통와촌IC방향) 주의운전 차량고장 -,128.8504449,35.9844074
2019-10-04 16:06:00,140,2019-10-04 15:59:02,2019-10-04 16:29:00,1,사고 ,제2영동고속도로 곤지암3터널동측 곤지암3터널서측 광주 1차로 사고발생 주의운전 교통사고 -,127.415186383097,37.3795837314616
2019-10-04 16:06:30,156,2019-10-04 15:59:02,2019-10-04 18:00:00,0,공사 ,마른내로 명보사거리 풍전호텔앞 1차로 주의운행 도로공사 -,126.995251821078,37.5642176535324
2019-10-04 16:07:00,162,2019-10-04 15:58:02,2019-10-04 18:00:00,0,공사 ,지방도331호선 월송교차로1 도장교사거리 1차로 주의운전 도로공사 -,127.6259129,37.2905614
2019-10-04 16:07:30,174,2019-10-04 15:58:02,2019-10-04 18:00:00,0,공사 ,대구부산간고속도로 수성IC 청도IC 1차로 68km(방향) 제초작업  -,128.7438546,35.679709
2019-10-04 16:08:00,180,2019-10-04 15:57:02,2019-10-04 18:00:00,0,공사 ,화봉사거리 도로공사 화봉사거리 상방지하차도 1차로 주의운전 도로공사 -,129.3594209,35.5878893
2019-10-04 16:15:31,265,2019-10-04 16:10:02,2019-10-04 16:40:00,1,사고 ,일반국도38호선 봉양공전리입구 봉양숲담부락앞 2차로 차량고장 차량고장 -,128.0995382,37.1335465
2019-10-04 16:25:31,395,2019-10-04 16:20:02,2019-10-04 16:50:00,1,사고 ,경부고속도로 부산방면 170km 구미IC 남구미IC 1차로 주의운전 차량고장 -,128.3614542,36.0973497
2019-10-04 16:26:01,403,2019-10-04 16:19:02,2019-10-04 16:49:00,2,행사 ,동성6길 동성로 엔젤리너스 228공원 1차로 주의운전 행사 -,128.59679228,35.86846211
2019-10-04 16:26:31,420,2019-10-04 16:18:02,2019-10-04 16:48:00,1,사고 ,자유로 장항IC 자유로JC 4차로 차량고장 주의운전 -,126.78729413,37.623726903975
2019-10-04 16:30:30,462,2019-10-04 15:00:02,2019-10-04 15:35:00,1,사고 ,일반국도14호선 칠산교차로 서김해IC입구 1차로 차량타이어펑크로 안전유의 차량고장 -,128.8469756,35.2140367
2019-10-04 16:31:00,468,2019-10-04 16:25:02,2019-10-04 16:55:00,1,사고 ,퇴계로 금호동길퇴계로진입로 한양공고앞 1차로 주의운행 교통사고 -,127.01061131249,37.5646857902054
2019-10-04 16:31:30,486,2019-10-04 16:25:02,2019-10-04 16:55:00,1,사고 ,올림픽대로 반포대교 한남대교 1차로 주의운행 교통사고 서울청,127.008924805634,37.5170906116317
2019-10-04 16:35:30,526,2019-10-04 16:30:02,2019-10-04 17:00:00,1,사고 ,남해고속도로 산인JC 함안IC 순천 1차로 사고처리중 후미 주의운전 교통사고 -,128.424845574285,35.2808738759441
2019-10-04 16:36:00,533,2019-10-04 16:30:02,2019-10-04 18:00:00,0,공사 ,충장로 GS마트고양점 백양공원앞 1차로 주의운전 도로공사 -,126.836165247261,37.627183192075
2019-10-04 16:36:30,550,2019-10-04 16:26:02,2019-10-04 18:00:00,0,공사 ,풍발길 농협남향지점 대평사거리 1차로 상습침수지역 공사로 정체  시설물 -,129.0363808,35.0891471
2019-10-04 16:55:30,780,2019-10-04 16:51:02,2019-10-04 17:21:00,1,사고 ,영동고속도로 군포IC서측본선 둔대JC동측영동선본선 2차로 소형화물차 고장, 후미 주의운전 교통사고 -,126.91850000103,37.3245738534994
2019-10-04 16:56:00,786,2019-10-04 16:48:02,2019-10-04 18:00:00,0,공사 ,동호로 퇴계로5가 퇴계로5가훈련원로진 1차로 주의운전  -,127.0024163,37.5630338
2019-10-04 17:00:30,841,2019-10-04 16:55:02,2019-10-04 17:25:00,1,사고 ,지방도865호선 삼보강업 초남역 1차로 광양시  광양읍  초남역 앞도로에서  공사중으로 차량정체중 통행하는 차량 안전에 유의하여 서행운행 요망됨. 교통사고 -,127.6098822,34.9286424
2019-10-04 17:01:00,850,2019-10-04 16:56:02,2019-10-04 17:15:00,1,사고 ,경부고속도로 남청주IC대구방면 죽암교 부산 2차로 사고처리중 주의운전 교통사고 -,127.431554722027,36.5272860154236
2019-10-04 17:05:31,913,2019-10-04 17:00:02,2019-10-04 17:30:00,1,사고 ,서해안고속도로 송악IC 행담도휴게소 서울 1차로 승용차 관련 사고처리중, 후미 주의운전 교통사고 -,126.796218291578,36.9429670004348
2019-10-04 17:06:01,920,2019-10-04 13:30:02,2019-10-04 18:00:00,0,공사 ,계동로 대청사거리 김해서부경찰서사거리 1차로 중앙 가로수 정리 안전유의 시설물 -,128.8188218,35.2041284
2019-10-04 17:06:31,937,2019-10-04 16:59:02,2019-10-04 18:00:00,0,공사 ,심산로 대원5 군청삼거리 1차로 주의운전 시설물 -,128.2818158,35.9173154
2019-10-04 17:07:01,946,2019-10-04 16:57:02,2019-10-04 18:00:00,0,공사 ,지방도865호선 망덕선박출입항신고서 삼보강업 1차로 초남역 앞 도로공사 -,127.6103336,34.9246385
2019-10-04 17:15:30,1031,2019-10-04 17:13:02,2019-10-04 17:43:00,1,사고 ,내부순환로 홍지문터널안 성산대교 1차로 지체 고장 차량 서울청,126.964675386083,37.5981889353678
2019-10-04 17:16:00,1037,2019-10-04 17:13:02,2019-10-04 17:43:00,1,사고 ,경부고속도로 서울방면  169km 남구미IC 임은육교 4차로 0km(구미IC램프남측방향) 주의운전 차량고장 -,128.3608972,36.0847423
2019-10-04 17:16:30,1057,2019-10-04 17:09:02,2019-10-04 18:00:00,0,공사 ,강화남로 도장삼거리 목재사거리 1차로 주의운전 시설물 -,126.4816891,37.6409316
2019-10-04 17:20:30,1096,2019-10-04 17:15:02,2019-10-04 17:45:00,1,사고 ,중부내륙고속도로 남성주IC 고령JC 1차로 0km(현풍IC방향) 주의운전 차량고장 -,128.3687558,35.7681348
2019-10-04 17:21:00,1103,2019-10-04 17:13:02,2019-10-04 17:43:00,1,사고 ,영동고속도로 동군포IC 부곡IC서측본선 강름 1차로 승용차추돌사고 후미 주의운전 교통사고 -,126.942376723402,37.3284217834221
2019-10-04 17:25:30,9,2019-10-04 17:22:02,2019-10-04 17:52:00,1,사고 ,의창대로 자여사거리 한국도로공사창원지사앞 1차로 주의운전 교통사고 -,128.6990082,35.2838059
2019-10-04 17:45:30,257,2019-10-05 02:00:02,2019-10-07 04:00:00,2,통제 ,노해로 노원역7호선 상계67동주민센터교차로 양방향 전체차로 / 노원탈축제 도로통제 (555m) 기타,127.06088287962,37.6542784544147
2019-10-04 17:46:00,263,2019-10-04 17:35:02,2019-10-04 18:00:00,0,공사 ,동촌로 용계삼거리 반야월삼거리 3차로 용계삼거리에서 반야월삼거리 방면 3차로 통제되어 하수관 공사중으로 주의운전요망 하수관 -,128.6825178,35.8762735
2019-10-04 17:55:31,382,2019-10-04 17:51:02,2019-10-04 18:21:00,1,사고 ,내부순환로 홍지문터널안 성수대교 1차로 지체 교통사고 서울청,126.970549897971,37.6046416399361
2019-10-04 18:05:30,496,2019-10-04 18:00:02,2019-10-04 18:30:00,1,사고 ,선유로 양화대교남단 북단 2,3차로 화물차-승용차. 후미 지체 교통사고 서울청,126.9024173279,37.5416254491703
2019-10-04 18:10:31,0,2019-10-04 18:06:02,2019-10-04 18:36:00,1,사고 ,대구포항고속도로 임고1터널 북영천 1차로 주의운전 차량고장 -,128.986859,36.0494693
2019-10-04 18:25:30,180,2019-10-04 18:22:02,2019-10-04 18:52:00,1,사고 ,가양대로 월드컵파크7단지 수색교 4차로 승용차 3중. 후미 지체 교통사고 서울청,126.885247011719,37.585533563762
2019-10-04 18:56:44,20191004185600,2019-10-04 18:56:44,,0,공사,[논산천안선]북공주JC(243.2K) -북공주JCT 반촌교(243.9K)(2차로)신축이음장치 교체 작업중  작업,127.1808,36.7696
2019-10-04 19:05:30,676,2019-10-04 19:00:02,2019-10-04 19:30:00,1,사고 ,서부간선 신정교 오목교 1차로 주의운전 차량고장 -,126.8822424,37.5186992
2019-10-04 19:06:00,683,2019-10-04 18:56:02,2019-10-04 22:00:26,0,공사 ,논산천안선(0252) (갓길)신축이음장치 교체 작업중 [고속도로]논산천안선(0252) (갓길)신축이음장치 교체 작업중,127.1808,36.7696
2019-10-04 19:10:30,738,2019-10-04 19:08:02,2019-10-04 19:38:00,1,사고 ,동부간선도로 성수JC 용비교 1차로 승용차-승용차. 후미 지체 교통사고 서울청,127.030116134974,37.5431350624204
2019-10-04 19:11:00,744,2019-10-04 19:05:02,2019-10-04 19:35:00,1,사고 ,경부고속도로 오산IC북측본선 동탄JC남측경부선 2,3차로 승용차 관련사고 처리 중 주의운전 교통사고 -,127.083939672946,37.1490709026776
2019-10-04 19:11:30,763,2019-10-04 19:03:02,2019-10-05 18:00:00,0,공사 ,중부내륙고속도로 선산IC 김천분기점 2차로 118(하행)kmkm(남김천IC방향) 갓길 공사구간 주의운전 도로공사 -,128.2589488,36.1973105
2019-10-04 19:15:31,801,2019-10-04 19:09:02,2019-10-04 19:39:00,1,사고 ,서변로 북대구ic진출 서변로 고가차로 1차로 주의운전 교통사고 -,128.5921694,35.914028
2019-10-04 19:20:30,869,2019-10-04 19:15:02,2019-10-04 19:45:00,1,사고 ,동부간선도로 응봉교 성동교 3차로 승용차. 후미 지체 고장 차량 서울청,127.038685562794,37.550128822744
2019-10-04 19:25:30,928,2019-10-04 19:18:02,2019-10-04 19:48:00,1,사고 ,중앙고속도로 가산IC 다부IC 진행방향 전체차로 0129km(다부IC방향) 차량증가 정체구간발생  주의요망  -,128.5327757,36.0599183
2019-10-04 19:26:00,934,2019-10-04 19:16:02,2019-10-04 19:46:00,2,기상 ,경부고속도로 임은교남측 임은육교북측 양방향 전체차로 169km(남구미IC방향) 빗길 주의운전 강우 -,128.360658,36.0870572
2019-10-04 19:40:30,1119,2019-10-04 19:34:02,2019-10-04 20:04:00,1,사고 ,헌릉로 복정교차로 복정역 4,5차로 화물차- 승용차 총 4중. 후미 지체 교통사고 서울청,127.125796353153,37.4703338016192
2019-10-04 19:41:00,1125,2019-10-04 19:31:02,2019-10-04 20:01:00,2,기상 ,경부고속도로 왜관IC 왜관IC서울방면 1차로 152km(방향) 주의운전 강우 -,128.4315849,35.9788263
2019-10-04 19:55:30,1308,2019-10-04 19:50:02,2019-10-04 20:20:00,1,사고 ,내부순환로 홍은램프 홍제램프 1차로 주의운전 고장 차량 서울청,126.942446003374,37.5918146840948
2019-10-04 20:05:30,1439,2019-10-04 20:03:02,2019-10-04 20:33:00,1,사고 ,동부간선도로 상계교 노원교 1차로 주의운전 교통사고 서울청,127.052401419756,37.66345001583
2019-10-04 20:25:31,1688,2019-10-04 20:21:02,2019-10-04 20:51:00,1,사고 ,경부고속도로 경산ic 영천IC입구 1차로 105km(방향) 3차로중 3차로 교통사고, 갓길로 이동조치 및 잔해물 제거, 사고현장 작은 파편에 의한 타이어 파스 주의 교통사고 -,128.9514211,35.925134
2019-10-04 20:26:00,1694,2019-10-04 20:20:02,2019-10-04 20:50:00,1,사고 ,경부고속도로 하행선  동대구JC  영천IC입구 1차로 110.3km(방향) 승용차 3차로에 고장 정차, 후방 추돌사고 예방 경광등 작동 및 싸이렌 취명, 주의 운전  차량고장 -,128.9514346,35.9251389
2019-10-04 20:26:30,1712,2019-10-04 20:19:02,2019-10-04 20:49:00,1,사고 ,관천대로 사당IC 사당역 2,3차로 승용차-승용차. 후미 지체 교통사고 서울청,126.981809854538,37.4753639282785
2019-10-04 20:30:30,1754,2019-10-04 20:29:02,2019-10-04 20:59:00,1,사고 ,한글비석로 상계주공11단지 주공10단지앞 1차로 주의운전 교통사고 -,127.0526662,37.6643323
2019-10-04 20:33:59,20191004203359,2019-10-04 20:33:59,,0,공사,[경부선]수원(392.4K) (진출로 2차로)노면보수 작업중 2차로 차단  작업,127.1038,37.2678
2019-10-04 20:51:24,20191004205124,2019-10-04 20:51:24,,0,공사,[평택제천선]청북부근(4.4K)-평택분기점부근(6.4K) (3차로,갓길) 노면 보수 작업중 3차로 차단  작업,126.937,37.0483
2019-10-04 21:00:00,A000022786,2019-10-04 21:00:00,,0,공사,일반국도[46] 춘천시 배후령터널 (양구) 11차로 차단 공사중배후령터널 양구방향 갓길 차단 후 작업(~06:00),127.7912114,37.9899506
2019-10-04 21:00:30,2120,2019-10-04 20:56:02,2019-10-04 21:26:00,1,사고 ,강변북로 성산대교 양화대교 2차로 주의운전 교통사고 서울청,126.904053642304,37.549469984844
2019-10-04 21:02:51,20191004210251,2019-10-04 21:02:51,,0,공사,[서울외곽순환선]서하남(14.2K)-서하남(13.7K) (4,5차로) 시설물 보수 작업중 4,5차로 차단  작업,127.15,37.5116
2019-10-04 21:05:31,2180,2019-10-04 21:01:02,2019-10-04 21:31:00,1,사고 ,올림픽대로 올림픽대로언주로램프 성수대교 1차로 승용차. 후미 지체 고장 차량 서울청,127.035573554466,37.5323463182748
2019-10-04 21:20:30,2359,2019-10-04 21:17:02,2019-10-04 21:47:00,1,사고 ,서강대교 북단 남단 1차로 주의운전 교통사고 서울청,126.921855217893,37.532409164548
2019-10-04 21:21:06,20191004212106,2019-10-04 21:21:06,,0,공사,[경부선]남사(373K)-남사부근(371K) (5차로)시설물 설치 작업중 5차로 차단  작업,127.1162,37.1063
2019-10-04 21:27:58,20191004212758,2019-10-04 21:27:58,,0,공사,[서울외곽순환선]송파부근(11K)-송파(10K) (5차로,진출2차로) 노면 보수 작업중 5차로 차단  작업,127.136,37.4853
2019-10-04 21:28:28,20191004212828,2019-10-04 21:28:28,,0,공사,[서울외곽순환선]송파(9K)-서하남부근(12.5K) (1,2차로) 노면 보수 작업중 1,2차로 차단  작업,127.1252,37.4704
2019-10-04 21:30:30,2478,2019-10-04 21:27:02,2019-10-04 21:57:00,1,사고 ,올림픽대로 성산대교 가양대교 1차로 후미 서행 고장 차량 서울청,126.87641763711,37.5536789839936
2019-10-04 21:31:00,2484,2019-10-04 21:25:02,2019-10-04 21:55:00,1,사고 ,서부간선도로 양평교 목동교 3차로 승용차 관련. 후미 지체 교통사고 서울청,126.891643251758,37.5351648955819
2019-10-04 21:31:12,20191004213112,2019-10-04 21:31:12,,0,공사,[서울양양선]동산요금소부근(58K)-조양부근(60.6K) (1차로)터널 등기구 교체 작업중 1차로 차단  작업,127.7416,37.7574
2019-10-04 21:31:22,20191004213122,2019-10-04 21:31:22,,0,공사,[제2중부선]곤지암부근(341.5K)-곤지암부근(338K) (1차로) 노면 보수 작업중 1차로 차단  작업,127.3178,37.3674
2019-10-04 21:32:36,20191004213236,2019-10-04 21:32:36,,0,공사,[영동선]안산분기점(18K) (서해안선 서울방향진출로 1차로)노면보수작업중 1차로 차단  작업,126.8607,37.3441
2019-10-04 21:43:00,A000022787,2019-10-04 21:43:00,,0,공사,고속국도[100] 양주시 노고산1,2터널 (구리방향) 3,4차로 차단 공사중노고산터널 시설물안전점검,126.9387766,37.6903215
2019-10-04 21:45:30,2661,2019-10-05 06:30:02,2019-10-05 10:00:00,2,통제 ,돈화문로 창덕궁 종로3가역 양방향 전체차로 / 2019 정조대왕 능행차 재현행사 통제 기타,126.990173746919,37.5768087499311
2019-10-04 21:46:00,2667,2019-10-04 00:00:02,2019-10-05 11:30:00,2,통제 ,율곡로 창덕궁 원남동사거리 양방향 전체차로 / 2019 정조대왕 능행차 재현행사 통제 기타,126.99072837543,37.5774485007654
2019-10-04 21:46:30,2684,2019-10-04 00:00:02,2019-10-05 23:59:00,2,통제 ,은행나무로 대우당약국 은행나무시장 양방향 전체차로 / 2019 정조대왕 능행차 재현행사 통제 기타,126.906197099743,37.4508295935766
2019-10-04 21:49:15,20191004214915,2019-10-04 21:49:15,,0,공사,[서울외곽순환선]양주요금소(57K)-노고산2터널(52K) (3,4차로)시설물 보수작업중 3,4차로 차단  작업,126.9231,37.6813
2019-10-04 21:55:56,20191004215556,2019-10-04 21:55:56,,0,공사,[중부선]하남분기점(364.9K)-하남(362K) (3차로) 노면 보수 작업중 3차로 차단  작업,127.1954,37.5321
2019-10-04 22:00:57,20191004220057,2019-10-04 22:00:57,,0,공사,[서울외곽순환선]하남분기점(18.4K)-하남분기점(18.8K) (4차로,진출로 2차로)노면 보수작업중 2,4차로 차단  작업,127.193,37.5243
2019-10-04 22:03:03,20191004220303,2019-10-04 22:03:03,,0,공사,[서울외곽순환선]상일(22.6K)-강일부근(23.8K) (5차로)시설물 보수작업중 5차로 차단  작업,127.1765,37.5553
2019-10-04 22:03:52,20191004220352,2019-10-04 22:03:52,,0,공사,[서울외곽순환선]상일(21.3K)-하남분기점(19.3K) (3,4,5차로)노면 보수작업중 3,4,5차로 차단  작업,127.1816,37.5443
2019-10-04 22:05:35,20191004220535,2019-10-04 22:05:35,,0,공사,[서울양양선]남양주요금소(8.8K)-남양주요금소부근(10.5K) (1차로)월문1터널 등기구교체 작업중 1차로 차단  작업,127.2575,37.6051
2019-10-04 22:05:39,20191004220539,2019-10-04 22:05:39,,0,공사,[제2경인선]일직분기점(23.5K)-일직분기점부근(22.5K) (1차로)교량난간 보수작업중 1차로 차단  작업,126.8847,37.4261
2019-10-04 22:06:10,20191004220500,2019-10-04 22:06:10,,0,공사,[논산천안선]차령터널(264K) -차령터널(261K)(1차로)터널균열 보수 작업중  작업,127.1808,36.7696
2019-10-04 22:15:47,20191004221547,2019-10-04 22:15:47,,0,공사,[서울외곽순환선]산본(112.6K)-수리터널(110.2K) (4차로)터널내 보수작업중 4차로 차단  작업,126.9322,37.376
2019-10-04 22:25:40,20191004222540,2019-10-04 22:25:40,,0,공사,[경부선]남사부근(370.1K)-남사부근(369K) (1,2차로)노면보수 작업중 1,2차로 차단  작업,127.1273,37.0818
2019-10-04 22:25:42,20191004222542,2019-10-04 22:25:42,,0,공사,[서울양양선]강촌부근(43.8K)-가평(휴)(39.7K) (1차로)마곡터널 등기구교체 작업중 1차로 차단  작업,127.5879,37.7248
2019-10-04 22:38:19,20191004223819,2019-10-04 22:38:19,,1,사고,[경부선]천안분기점부근(332K) (갓길) 승합차고장 처리중  고장,127.1969,36.7667
2019-10-04 23:12:22,20191004231222,2019-10-04 23:12:22,,1,사고,[호남선]익산분기점부근(179.5K) (갓길)소형 화물차 고장 처리중  고장,127.1001,35.955
2019-10-04 23:20:30,848,2019-10-04 23:15:02,2019-10-04 23:45:00,1,사고 ,단정길 상남공원앞교차로 웅남초등사거리 1차로 전방교통사고로 후방정체 교통사고 -,128.68803681655,35.2168293277232
2019-10-04 23:21:35,20191004232135,2019-10-04 23:21:35,,1,사고,[평택제천선]안진터널부근(49.1K) (갓길)중형화물차 고장처리중  고장,127.3859,36.9733
2019-10-04 23:28:08,20191004232808,2019-10-04 23:28:08,,1,사고,[통영대전선]추부부근(200K) (갓길)승용차 고장 처리중  고장,127.4836,36.2271
2019-10-04 23:35:11,20191004233511,2019-10-04 23:35:11,,1,사고,[평택제천선]서충주부근(76.4K) (갓길)소형화물차 고장처리중  고장,127.657,37.0078
2019-10-04 23:59:30,20191004235930,2019-10-04 23:59:30,,1,사고,[청주영덕선]문의부근(10K) (갓길)대형화물차 고장처리중  고장,127.5275,36.5247
